#Parameters = {Curva=0; DistanciaX=50; DistanciaY=50; Hcooper=0.035; Hfr=1.565; La=14; Lamda=61.2322; Lf=15; Lfdiv=15.30805; Lp=27; Placa=100; Wa=2; Wf=3; Wfdiv=1.6548; Wp=26.11}
#"Frequency / MHz"	"S2,2 [Mag]"	"S2,2 [Pha in deg.]"	"Ref.Imp. [Mag]"	"Ref.Imp. [Pha in deg.]"
#---------------------------------------------------------------------------------------------
1500.0000000000	0.98506030476882	162.33290233312	92.956108211626	0.0000000000000
1502.0000000000	0.98157809214113	162.15978351063	92.956108211626	0.0000000000000
1504.0000000000	0.97830159009292	162.00902789079	92.956108211626	0.0000000000000
1506.0000000000	0.97526849285821	161.87928140827	92.956108211626	0.0000000000000
1508.0000000000	0.97251376289744	161.76891842310	92.956108211626	0.0000000000000
1510.0000000000	0.97006920598607	161.67604191423	92.956108211626	0.0000000000000
1512.0000000000	0.96796248777179	161.59856153760	92.956108211626	0.0000000000000
1514.0000000000	0.96621746482704	161.53413987916	92.956108211626	0.0000000000000
1516.0000000000	0.96485308833770	161.48027353385	92.956108211626	0.0000000000000
1518.0000000000	0.96388413800242	161.43430958155	92.956108211626	0.0000000000000
1520.0000000000	0.96331965700922	161.39351784638	92.956108211626	0.0000000000000
1522.0000000000	0.96316410786957	161.35512019590	92.956108211626	0.0000000000000
1524.0000000000	0.96341652580889	161.31626761739	92.956108211626	0.0000000000000
1526.0000000000	0.96407087793938	161.27420800380	92.956108211626	0.0000000000000
1528.0000000000	0.96511609475044	161.22625943794	92.956108211626	0.0000000000000
1530.0000000000	0.96653647783575	161.16983058281	92.956108211626	0.0000000000000
1532.0000000000	0.96831155723640	161.10252666754	92.956108211626	0.0000000000000
1534.0000000000	0.97041677301846	161.02212162370	92.956108211626	0.0000000000000
1536.0000000000	0.97282404566495	160.92663511867	92.956108211626	0.0000000000000
1538.0000000000	0.97550136058105	160.81430432915	92.956108211626	0.0000000000000
1540.0000000000	0.97841464674176	160.68365527953	92.956108211626	0.0000000000000
1542.0000000000	0.98152686974796	160.53347389610	92.956108211626	0.0000000000000
1544.0000000000	0.98479968877291	160.36282931337	92.956108211626	0.0000000000000
1546.0000000000	0.98819297209993	160.17107940535	92.956108211626	0.0000000000000
1548.0000000000	0.99166601194556	159.95785153608	92.956108211626	0.0000000000000
1550.0000000000	0.99517805806745	159.72305740385	92.956108211626	0.0000000000000
1552.0000000000	0.99868843029115	159.46683001352	92.956108211626	0.0000000000000
1554.0000000000	1.0021569205366	159.18958133594	92.956108211626	0.0000000000000
1556.0000000000	1.0055446073121	158.89193359536	92.956108211626	0.0000000000000
1558.0000000000	1.0088142110597	158.57474024810	92.956108211626	0.0000000000000
1560.0000000000	1.0119300562925	158.23902240682	92.956108211626	0.0000000000000
1562.0000000000	1.0148589286097	157.88598264844	92.956108211626	0.0000000000000
1564.0000000000	1.0175698192300	157.51697691338	92.956108211626	0.0000000000000
1566.0000000000	1.0200346495726	157.13348784872	92.956108211626	0.0000000000000
1568.0000000000	1.0222283684636	156.73711779126	92.956108211626	0.0000000000000
1570.0000000000	1.0241288708575	156.32959066555	92.956108211626	0.0000000000000
1572.0000000000	1.0257174951792	155.91265893892	92.956108211626	0.0000000000000
1574.0000000000	1.0269790512101	155.48817778705	92.956108211626	0.0000000000000
1576.0000000000	1.0279019954137	155.05803876959	92.956108211626	0.0000000000000
1578.0000000000	1.0284781889360	154.62420140011	92.956108211626	0.0000000000000
1580.0000000000	1.0287029600309	154.18858227946	92.956108211626	0.0000000000000
1582.0000000000	1.0285760013354	153.75313360466	92.956108211626	0.0000000000000
1584.0000000000	1.0280999485608	153.31979911576	92.956108211626	0.0000000000000
1586.0000000000	1.0272811846684	152.89049285322	92.956108211626	0.0000000000000
1588.0000000000	1.0261299752828	152.46707581233	92.956108211626	0.0000000000000
1590.0000000000	1.0246599279015	152.05137872652	92.956108211626	0.0000000000000
1592.0000000000	1.0228873405271	151.64515671858	92.956108211626	0.0000000000000
1594.0000000000	1.0208328674790	151.25005903108	92.956108211626	0.0000000000000
1596.0000000000	1.0185189303262	150.86768885992	92.956108211626	0.0000000000000
1598.0000000000	1.0159716133056	150.49948578868	92.956108211626	0.0000000000000
1600.0000000000	1.0132194118917	150.14679162074	92.956108211626	0.0000000000000
1602.0000000000	1.0102928484920	149.81077643993	92.956108211626	0.0000000000000
1604.0000000000	1.0072245407273	149.49246119776	92.956108211626	0.0000000000000
1606.0000000000	1.0040490186223	149.19272737424	92.956108211626	0.0000000000000
1608.0000000000	1.0008022328104	148.91216738190	92.956108211626	0.0000000000000
1610.0000000000	0.99752069669037	148.65131185927	92.956108211626	0.0000000000000
1612.0000000000	0.99424195942268	148.41032206301	92.956108211626	0.0000000000000
1614.0000000000	0.99100380590140	148.18926318778	92.956108211626	0.0000000000000
1616.0000000000	0.98784323684744	147.98786084229	92.956108211626	0.0000000000000
1618.0000000000	0.98479744466663	147.80567901038	92.956108211626	0.0000000000000
1620.0000000000	0.98190157887888	147.64197347007	92.956108211626	0.0000000000000
1622.0000000000	0.97918984654737	147.49578898601	92.956108211626	0.0000000000000
1624.0000000000	0.97669432257843	147.36592259377	92.956108211626	0.0000000000000
1626.0000000000	0.97444429445146	147.25092845257	92.956108211626	0.0000000000000
1628.0000000000	0.97246676589621	147.14918592949	92.956108211626	0.0000000000000
1630.0000000000	0.97078476450981	147.05884600571	92.956108211626	0.0000000000000
1632.0000000000	0.96941853767066	146.97788501764	92.956108211626	0.0000000000000
1634.0000000000	0.96838392920309	146.90414603449	92.956108211626	0.0000000000000
1636.0000000000	0.96769265181514	146.83533283405	92.956108211626	0.0000000000000
1638.0000000000	0.96735273682459	146.76912615880	92.956108211626	0.0000000000000
1640.0000000000	0.96736706279180	146.70312131966	92.956108211626	0.0000000000000
1642.0000000000	0.96773454801218	146.63488149035	92.956108211626	0.0000000000000
1644.0000000000	0.96844978933887	146.56206164982	92.956108211626	0.0000000000000
1646.0000000000	0.96950254316245	146.48232237073	92.956108211626	0.0000000000000
1648.0000000000	0.97087910868102	146.39347687707	92.956108211626	0.0000000000000
1650.0000000000	0.97256155421480	146.29344630990	92.956108211626	0.0000000000000
1652.0000000000	0.97452791684785	146.18029289043	92.956108211626	0.0000000000000
1654.0000000000	0.97675385305739	146.05231216434	92.956108211626	0.0000000000000
1656.0000000000	0.97921112920370	145.90797751769	92.956108211626	0.0000000000000
1658.0000000000	0.98186946236231	145.74597243587	92.956108211626	0.0000000000000
1660.0000000000	0.98469645991266	145.56522219655	92.956108211626	0.0000000000000
1662.0000000000	0.98765820370639	145.36495805921	92.956108211626	0.0000000000000
1664.0000000000	0.99071911004843	145.14450387588	92.956108211626	0.0000000000000
1666.0000000000	0.99384293298551	144.90356224860	92.956108211626	0.0000000000000
1668.0000000000	0.99699331261150	144.64202941256	92.956108211626	0.0000000000000
1670.0000000000	1.0001341581357	144.35998974083	92.956108211626	0.0000000000000
1672.0000000000	1.0032289085051	144.05777458153	92.956108211626	0.0000000000000
1674.0000000000	1.0062429978298	143.73593205067	92.956108211626	0.0000000000000
1676.0000000000	1.0091426138563	143.39519021858	92.956108211626	0.0000000000000
1678.0000000000	1.0118955552082	143.03640768911	92.956108211626	0.0000000000000
1680.0000000000	1.0144712568668	142.66069058233	92.956108211626	0.0000000000000
1682.0000000000	1.0168417026686	142.26921258784	92.956108211626	0.0000000000000
1684.0000000000	1.0189810087816	141.86331863612	92.956108211626	0.0000000000000
1686.0000000000	1.0208661359919	141.44440843102	92.956108211626	0.0000000000000
1688.0000000000	1.0224767508517	141.01407028784	92.956108211626	0.0000000000000
1690.0000000000	1.0237955848228	140.57390608613	92.956108211626	0.0000000000000
1692.0000000000	1.0248081793477	140.12559841768	92.956108211626	0.0000000000000
1694.0000000000	1.0255036557499	139.67087145751	92.956108211626	0.0000000000000
1696.0000000000	1.0258743631665	139.21150027137	92.956108211626	0.0000000000000
1698.0000000000	1.0259159092128	138.74931643925	92.956108211626	0.0000000000000
1700.0000000000	1.0256272893086	138.28609403868	92.956108211626	0.0000000000000
1702.0000000000	1.0250108064390	137.82363997868	92.956108211626	0.0000000000000
1704.0000000000	1.0240728043964	137.36375251450	92.956108211626	0.0000000000000
1706.0000000000	1.0228221076725	136.90820472130	92.956108211626	0.0000000000000
1708.0000000000	1.0212713466279	136.45869071951	92.956108211626	0.0000000000000
1710.0000000000	1.0194358751903	136.01683575712	92.956108211626	0.0000000000000
1712.0000000000	1.0173346444675	135.58426767998	92.956108211626	0.0000000000000
1714.0000000000	1.0149891233517	135.16248358123	92.956108211626	0.0000000000000
1716.0000000000	1.0124233796436	134.75281336203	92.956108211626	0.0000000000000
1718.0000000000	1.0096649460211	134.35660404618	92.956108211626	0.0000000000000
1720.0000000000	1.0067420398265	133.97491195664	92.956108211626	0.0000000000000
1722.0000000000	1.0036865609353	133.60878141514	92.956108211626	0.0000000000000
1724.0000000000	1.0005311041024	133.25899197464	92.956108211626	0.0000000000000
1726.0000000000	0.99731008831265	132.92619870447	92.956108211626	0.0000000000000
1728.0000000000	0.99405877747881	132.61081358274	92.956108211626	0.0000000000000
1730.0000000000	0.99081365406086	132.31309746761	92.956108211626	0.0000000000000
1732.0000000000	0.98761112799306	132.03305313180	92.956108211626	0.0000000000000
1734.0000000000	0.98448743767291	131.77042558185	92.956108211626	0.0000000000000
1736.0000000000	0.98147883835036	131.52480707418	92.956108211626	0.0000000000000
1738.0000000000	0.97861983434783	131.29542857395	92.956108211626	0.0000000000000
1740.0000000000	0.97594454725983	131.08139248246	92.956108211626	0.0000000000000
1742.0000000000	0.97348439585353	130.88148694690	92.956108211626	0.0000000000000
1744.0000000000	0.97126883846763	130.69428874518	92.956108211626	0.0000000000000
1746.0000000000	0.96932504839529	130.51817852749	92.956108211626	0.0000000000000
1748.0000000000	0.96767659877161	130.35133325084	92.956108211626	0.0000000000000
1750.0000000000	0.96634403633787	130.19167116503	92.956108211626	0.0000000000000
1752.0000000000	0.96534382194879	130.03708964676	92.956108211626	0.0000000000000
1754.0000000000	0.96468884392613	129.88521401353	92.956108211626	0.0000000000000
1756.0000000000	0.96438753586390	129.73369007072	92.956108211626	0.0000000000000
1758.0000000000	0.96444418206555	129.58003974574	92.956108211626	0.0000000000000
1760.0000000000	0.96485839156223	129.42182680356	92.956108211626	0.0000000000000
1762.0000000000	0.96562584463481	129.25653052180	92.956108211626	0.0000000000000
1764.0000000000	0.96673742413461	129.08181940181	92.956108211626	0.0000000000000
1766.0000000000	0.96817997825829	128.89532760294	92.956108211626	0.0000000000000
1768.0000000000	0.96993640332701	128.69484328032	92.956108211626	0.0000000000000
1770.0000000000	0.97198560992501	128.47833025732	92.956108211626	0.0000000000000
1772.0000000000	0.97430322545856	128.24391702870	92.956108211626	0.0000000000000
1774.0000000000	0.97686159770457	127.98991651902	92.956108211626	0.0000000000000
1776.0000000000	0.97963026054439	127.71487870972	92.956108211626	0.0000000000000
1778.0000000000	0.98257655548815	127.41757496514	92.956108211626	0.0000000000000
1780.0000000000	0.98566583939155	127.09699032527	92.956108211626	0.0000000000000
1782.0000000000	0.98886184122326	126.75236736048	92.956108211626	0.0000000000000
1784.0000000000	0.99212730913148	126.38318209533	92.956108211626	0.0000000000000
1786.0000000000	0.99542424211077	125.98918799128	92.956108211626	0.0000000000000
1788.0000000000	0.99871458017195	125.57030681134	92.956108211626	0.0000000000000
1790.0000000000	1.0019605350223	125.12672689696	92.956108211626	0.0000000000000
1792.0000000000	1.0051246098902	124.65883482281	92.956108211626	0.0000000000000
1794.0000000000	1.0081706384411	124.16719649010	92.956108211626	0.0000000000000
1796.0000000000	1.0110634520376	123.65261001476	92.956108211626	0.0000000000000
1798.0000000000	1.0137698049080	123.11597206831	92.956108211626	0.0000000000000
1800.0000000000	1.0162581483363	122.55838372736	92.956108211626	0.0000000000000
1802.0000000000	1.0184994529516	121.98109600894	92.956108211626	0.0000000000000
1804.0000000000	1.0204667173364	121.38545271871	92.956108211626	0.0000000000000
1806.0000000000	1.0221361603170	120.77291627970	92.956108211626	0.0000000000000
1808.0000000000	1.0234863065610	120.14508614930	92.956108211626	0.0000000000000
1810.0000000000	1.0244993700640	119.50353936756	92.956108211626	0.0000000000000
1812.0000000000	1.0251599629776	118.85003031027	92.956108211626	0.0000000000000
1814.0000000000	1.0254568177431	118.18629838301	92.956108211626	0.0000000000000
1816.0000000000	1.0253815273217	117.51417997094	92.956108211626	0.0000000000000
1818.0000000000	1.0249293535316	116.83555973006	92.956108211626	0.0000000000000
1820.0000000000	1.0240991730541	116.15221129274	92.956108211626	0.0000000000000
1822.0000000000	1.0228933294503	115.46608093941	92.956108211626	0.0000000000000
1824.0000000000	1.0213177936253	114.77898887314	92.956108211626	0.0000000000000
1826.0000000000	1.0193820530653	114.09280150483	92.956108211626	0.0000000000000
1828.0000000000	1.0170992087812	113.40931841580	92.956108211626	0.0000000000000
1830.0000000000	1.0144858571934	112.73031483488	92.956108211626	0.0000000000000
1832.0000000000	1.0115619161921	112.05751637058	92.956108211626	0.0000000000000
1834.0000000000	1.0083508882320	111.39252469645	92.956108211626	0.0000000000000
1836.0000000000	1.0048788515775	110.73686912373	92.956108211626	0.0000000000000
1838.0000000000	1.0011754331136	110.09200342571	92.956108211626	0.0000000000000
1840.0000000000	0.99727288578714	109.45919970076	92.956108211626	0.0000000000000
1842.0000000000	0.99320595785675	108.83962081045	92.956108211626	0.0000000000000
1844.0000000000	0.98901204304038	108.23424655620	92.956108211626	0.0000000000000
1846.0000000000	0.98473025603662	107.64387229878	92.956108211626	0.0000000000000
1848.0000000000	0.98040139445689	107.06907140342	92.956108211626	0.0000000000000
1850.0000000000	0.97606793896911	106.51017092545	92.956108211626	0.0000000000000
1852.0000000000	0.97177333296711	105.96730679089	92.956108211626	0.0000000000000
1854.0000000000	0.96756104760709	105.44028878037	92.956108211626	0.0000000000000
1856.0000000000	0.96347541571421	104.92865227584	92.956108211626	0.0000000000000
1858.0000000000	0.95955964547510	104.43162119923	92.956108211626	0.0000000000000
1860.0000000000	0.95585654386907	103.94813946536	92.956108211626	0.0000000000000
1862.0000000000	0.95240735017374	103.47681539234	92.956108211626	0.0000000000000
1864.0000000000	0.94925121124677	103.01592879028	92.956108211626	0.0000000000000
1866.0000000000	0.94642511834719	102.56345509914	92.956108211626	0.0000000000000
1868.0000000000	0.94396274110906	102.11704775350	92.956108211626	0.0000000000000
1870.0000000000	0.94189438784754	101.67409717139	92.956108211626	0.0000000000000
1872.0000000000	0.94024659126892	101.23174622144	92.956108211626	0.0000000000000
1874.0000000000	0.93904126925541	100.78682787637	92.956108211626	0.0000000000000
1876.0000000000	0.93829579619233	100.33606218999	92.956108211626	0.0000000000000
1878.0000000000	0.93802235258726	99.875980597000	92.956108211626	0.0000000000000
1880.0000000000	0.93822815965502	99.403004052023	92.956108211626	0.0000000000000
1882.0000000000	0.93891485210205	98.913497477883	92.956108211626	0.0000000000000
1884.0000000000	0.94007865526541	98.403802343313	92.956108211626	0.0000000000000
1886.0000000000	0.94171074110255	97.870309480860	92.956108211626	0.0000000000000
1888.0000000000	0.94379671681139	97.309496786484	92.956108211626	0.0000000000000
1890.0000000000	0.94631716787034	96.717974736594	92.956108211626	0.0000000000000
1892.0000000000	0.94924807722990	96.092465757725	92.956108211626	0.0000000000000
1894.0000000000	0.95256086503728	95.429964551575	92.956108211626	0.0000000000000
1896.0000000000	0.95622285002323	94.727670995254	92.956108211626	0.0000000000000
1898.0000000000	0.96019796635811	93.983030185615	92.956108211626	0.0000000000000
1900.0000000000	0.96444680164366	93.193760525325	92.956108211626	0.0000000000000
1902.0000000000	0.96892749429938	92.357854692174	92.956108211626	0.0000000000000
1904.0000000000	0.97359596403330	91.473563749337	92.956108211626	0.0000000000000
1906.0000000000	0.97840652005828	90.539439729868	92.956108211626	0.0000000000000
1908.0000000000	0.98331220030761	89.554280484086	92.956108211626	0.0000000000000
1910.0000000000	0.98826566013299	88.517157243909	92.956108211626	0.0000000000000
1912.0000000000	0.99321912555744	87.427359460170	92.956108211626	0.0000000000000
1914.0000000000	0.99812516501751	86.284395679802	92.956108211626	0.0000000000000
1916.0000000000	1.0029369242399	85.087992475375	92.956108211626	0.0000000000000
1918.0000000000	1.0076084568085	83.838040293222	92.956108211626	0.0000000000000
1920.0000000000	1.0120955614790	82.534607878136	92.956108211626	0.0000000000000
1922.0000000000	1.0163550191783	81.177873487108	92.956108211626	0.0000000000000
1924.0000000000	1.0203459321178	79.768190330344	92.956108211626	0.0000000000000
1926.0000000000	1.0240295160115	78.305943343831	92.956108211626	0.0000000000000
1928.0000000000	1.0273692212226	76.791634322124	92.956108211626	0.0000000000000
1930.0000000000	1.0303310759749	75.225827612082	92.956108211626	0.0000000000000
1932.0000000000	1.0328836595631	73.609163710668	92.956108211626	0.0000000000000
1934.0000000000	1.0349984102986	71.942268746389	92.956108211626	0.0000000000000
1936.0000000000	1.0366497457426	70.225843729669	92.956108211626	0.0000000000000
1938.0000000000	1.0378148182241	68.460565689418	92.956108211626	0.0000000000000
1940.0000000000	1.0384741561241	66.647149802704	92.956108211626	0.0000000000000
1942.0000000000	1.0386108653879	64.786277831989	92.956108211626	0.0000000000000
1944.0000000000	1.0382118099445	62.878648145824	92.956108211626	0.0000000000000
1946.0000000000	1.0372661539319	60.924927990486	92.956108211626	0.0000000000000
1948.0000000000	1.0357665771149	58.925769041935	92.956108211626	0.0000000000000
1950.0000000000	1.0337088569766	56.881819470274	92.956108211626	0.0000000000000
1952.0000000000	1.0310918508016	54.793670861743	92.956108211626	0.0000000000000
1954.0000000000	1.0279169499130	52.661938887138	92.956108211626	0.0000000000000
1956.0000000000	1.0241891926624	50.487149830429	92.956108211626	0.0000000000000
1958.0000000000	1.0199159753046	48.269859888468	92.956108211626	0.0000000000000
1960.0000000000	1.0151073688282	46.010593849975	92.956108211626	0.0000000000000
1962.0000000000	1.0097764774577	43.709846064272	92.956108211626	0.0000000000000
1964.0000000000	1.0039390202084	41.368098634216	92.956108211626	0.0000000000000
1966.0000000000	0.99761286825353	38.985829845699	92.956108211626	0.0000000000000
1968.0000000000	0.99081840984553	36.563506403262	92.956108211626	0.0000000000000
1970.0000000000	0.98357845139866	34.101609919147	92.956108211626	0.0000000000000
1972.0000000000	0.97591774556308	31.600599722753	92.956108211626	0.0000000000000
1974.0000000000	0.96786297646069	29.060984465580	92.956108211626	0.0000000000000
1976.0000000000	0.95944265005512	26.483286419410	92.956108211626	0.0000000000000
1978.0000000000	0.95068674561091	23.868060248945	92.956108211626	0.0000000000000
1980.0000000000	0.94162704274305	21.215908634044	92.956108211626	0.0000000000000
1982.0000000000	0.93229621215137	18.527489627789	92.956108211626	0.0000000000000
1984.0000000000	0.92272812744745	15.803534776906	92.956108211626	0.0000000000000
1986.0000000000	0.91295745311620	13.044849260157	92.956108211626	0.0000000000000
1988.0000000000	0.90301956102664	10.252344712768	92.956108211626	0.0000000000000
1990.0000000000	0.89295007179591	7.4270355796130	92.956108211626	0.0000000000000
1992.0000000000	0.88278486437365	4.5700622568330	92.956108211626	0.0000000000000
1994.0000000000	0.87255989318441	1.6827000690392	92.956108211626	0.0000000000000
1996.0000000000	0.86231030029609	-1.2336213634668	92.956108211626	0.0000000000000
1998.0000000000	0.85207117032363	-4.1773097275201	92.956108211626	0.0000000000000
2000.0000000000	0.84187649089369	-7.1465954564978	92.956108211626	0.0000000000000
2002.0000000000	0.83175928789927	-10.139520264887	92.956108211626	0.0000000000000
2004.0000000000	0.82175103718516	-13.153931782256	92.956108211626	0.0000000000000
2006.0000000000	0.81188206525633	-16.187470274464	92.956108211626	0.0000000000000
2008.0000000000	0.80218056041747	-19.237569215853	92.956108211626	0.0000000000000
2010.0000000000	0.79267319004088	-22.301449178363	92.956108211626	0.0000000000000
2012.0000000000	0.78338391537599	-25.376123979470	92.956108211626	0.0000000000000
2014.0000000000	0.77433487092085	-28.458399877751	92.956108211626	0.0000000000000
2016.0000000000	0.76554550847312	-31.544893333121	92.956108211626	0.0000000000000
2018.0000000000	0.75703298604849	-34.632031255509	92.956108211626	0.0000000000000
2020.0000000000	0.74881163495379	-37.716077001644	92.956108211626	0.0000000000000
2022.0000000000	0.74089342069493	-40.793150909401	92.956108211626	0.0000000000000
2024.0000000000	0.73328774489271	-43.859232023928	92.956108211626	0.0000000000000
2026.0000000000	0.72600136622975	-46.910236509568	92.956108211626	0.0000000000000
2028.0000000000	0.71903918352595	-49.941968804737	92.956108211626	0.0000000000000
2030.0000000000	0.71240326762570	-52.950226534637	92.956108211626	0.0000000000000
2032.0000000000	0.70609425696533	-55.930786941167	92.956108211626	0.0000000000000
2034.0000000000	0.70011074959686	-58.879461674509	92.956108211626	0.0000000000000
2036.0000000000	0.69445007319891	-61.792126732917	92.956108211626	0.0000000000000
2038.0000000000	0.68910837383111	-64.664715456647	92.956108211626	0.0000000000000
2040.0000000000	0.68408084445523	-67.493326832461	92.956108211626	0.0000000000000
2042.0000000000	0.67936234277026	-70.274199373015	92.956108211626	0.0000000000000
2044.0000000000	0.67494757634328	-73.003762068152	92.956108211626	0.0000000000000
2046.0000000000	0.67083143000212	-75.678628774075	92.956108211626	0.0000000000000
2048.0000000000	0.66700928694473	-78.295670222877	92.956108211626	0.0000000000000
2050.0000000000	0.66347753580126	-80.852018552124	92.956108211626	0.0000000000000
2052.0000000000	0.66023366725874	-83.345064908066	92.956108211626	0.0000000000000
2054.0000000000	0.65727658822400	-85.772541664576	92.956108211626	0.0000000000000
2056.0000000000	0.65460677946398	-88.132480761815	92.956108211626	0.0000000000000
2058.0000000000	0.65222689836036	-90.423244523425	92.956108211626	0.0000000000000
2060.0000000000	0.65014128636441	-92.643547614841	92.956108211626	0.0000000000000
2062.0000000000	0.64835646195340	-94.792571208409	92.956108211626	0.0000000000000
2064.0000000000	0.64688093167626	-96.869768766389	92.956108211626	0.0000000000000
2066.0000000000	0.64572546667694	-98.875083190736	92.956108211626	0.0000000000000
2068.0000000000	0.64490266020658	-100.80887322889	92.956108211626	0.0000000000000
2070.0000000000	0.64442684902864	-102.67187609805	92.956108211626	0.0000000000000
2072.0000000000	0.64431421903052	-104.46537375516	92.956108211626	0.0000000000000
2074.0000000000	0.64458183171640	-106.19103557994	92.956108211626	0.0000000000000
2076.0000000000	0.64524797930158	-107.85098977297	92.956108211626	0.0000000000000
2078.0000000000	0.64633131568190	-109.44780912738	92.956108211626	0.0000000000000
2080.0000000000	0.64785087180138	-110.98451670032	92.956108211626	0.0000000000000
2082.0000000000	0.64982493364359	-112.46453756190	92.956108211626	0.0000000000000
2084.0000000000	0.65227118052147	-113.89169252232	92.956108211626	0.0000000000000
2086.0000000000	0.65520573154781	-115.27016100492	92.956108211626	0.0000000000000
2088.0000000000	0.65864296479063	-116.60439929469	92.956108211626	0.0000000000000
2090.0000000000	0.66259471816995	-117.89912926481	92.956108211626	0.0000000000000
2092.0000000000	0.66707016714050	-119.15927363803	92.956108211626	0.0000000000000
2094.0000000000	0.67207489586601	-120.38990953478	92.956108211626	0.0000000000000
2096.0000000000	0.67761118802113	-121.59614670193	92.956108211626	0.0000000000000
2098.0000000000	0.68367700038558	-122.78309638495	92.956108211626	0.0000000000000
2100.0000000000	0.69026660877608	-123.95581224935	92.956108211626	0.0000000000000
2102.0000000000	0.69736938306138	-125.11918852136	92.956108211626	0.0000000000000
2104.0000000000	0.70497066808068	-126.27797089060	92.956108211626	0.0000000000000
2106.0000000000	0.71305137740605	-127.43656196168	92.956108211626	0.0000000000000
2108.0000000000	0.72158774012601	-128.59919761880	92.956108211626	0.0000000000000
2110.0000000000	0.73055211396827	-129.76967120316	92.956108211626	0.0000000000000
2112.0000000000	0.73991280572567	-130.95148191832	92.956108211626	0.0000000000000
2114.0000000000	0.74963385369101	-132.14772664617	92.956108211626	0.0000000000000
2116.0000000000	0.75967671137547	-133.36114353074	92.956108211626	0.0000000000000
2118.0000000000	0.76999866892998	-134.59405247118	92.956108211626	0.0000000000000
2120.0000000000	0.78055480577346	-135.84843144417	92.956108211626	0.0000000000000
2122.0000000000	0.79129763033916	-137.12586763285	92.956108211626	0.0000000000000
2124.0000000000	0.80217715618218	-138.42762130560	92.956108211626	0.0000000000000
2126.0000000000	0.81314196475908	-139.75461816969	92.956108211626	0.0000000000000
2128.0000000000	0.82413911928522	-141.10748864542	92.956108211626	0.0000000000000
2130.0000000000	0.83511466549813	-142.48657623918	92.956108211626	0.0000000000000
2132.0000000000	0.84601338813145	-143.89198563588	92.956108211626	0.0000000000000
2134.0000000000	0.85678009988157	-145.32359032501	92.956108211626	0.0000000000000
2136.0000000000	0.86735913588041	-146.78110892497	92.956108211626	0.0000000000000
2138.0000000000	0.87769539516755	-148.26405152168	92.956108211626	0.0000000000000
2140.0000000000	0.88773360574260	-149.77176657866	92.956108211626	0.0000000000000
2142.0000000000	0.89741893112541	-151.30351548245	92.956108211626	0.0000000000000
2144.0000000000	0.90669810785298	-152.85843682768	92.956108211626	0.0000000000000
2146.0000000000	0.91551793507188	-154.43553735132	92.956108211626	0.0000000000000
2148.0000000000	0.92382736335546	-156.03381804497	92.956108211626	0.0000000000000
2150.0000000000	0.93157585392883	-157.65217480383	92.956108211626	0.0000000000000
2152.0000000000	0.93871501419797	-159.28944259906	92.956108211626	0.0000000000000
2154.0000000000	0.94519758075302	-160.94446340604	92.956108211626	0.0000000000000
2156.0000000000	0.95097873004803	-162.61597555472	92.956108211626	0.0000000000000
2158.0000000000	0.95601512753218	-164.30271891273	92.956108211626	0.0000000000000
2160.0000000000	0.96026554834618	-166.00343493976	92.956108211626	0.0000000000000
2162.0000000000	0.96369105986142	-167.71680106002	92.956108211626	0.0000000000000
2164.0000000000	0.96625495948809	-169.44150578233	92.956108211626	0.0000000000000
2166.0000000000	0.96792290597200	-171.17616801642	92.956108211626	0.0000000000000
2168.0000000000	0.96866320091572	-172.91943806221	92.956108211626	0.0000000000000
2170.0000000000	0.96844630877950	-174.66990619215	92.956108211626	0.0000000000000
2172.0000000000	0.96724545774472	-176.42616690956	92.956108211626	0.0000000000000
2174.0000000000	0.96503675413001	-178.18675748567	92.956108211626	0.0000000000000
2176.0000000000	0.96179873314385	-179.95020291155	92.956108211626	0.0000000000000
2178.0000000000	0.95751286862136	178.28508100124	92.956108211626	0.0000000000000
2180.0000000000	0.95216355955315	176.52063794847	92.956108211626	0.0000000000000
2182.0000000000	0.94573803322396	174.75814884839	92.956108211626	0.0000000000000
2184.0000000000	0.93822645770051	172.99930730642	92.956108211626	0.0000000000000
2186.0000000000	0.92962194943079	171.24597016243	92.956108211626	0.0000000000000
2188.0000000000	0.91992066705648	169.50002299044	92.956108211626	0.0000000000000
2190.0000000000	0.90912194813054	167.76351682103	92.956108211626	0.0000000000000
2192.0000000000	0.89722805667743	166.03863379403	92.956108211626	0.0000000000000
2194.0000000000	0.88424462754794	164.32773997054	92.956108211626	0.0000000000000
2196.0000000000	0.87018043759751	162.63336139558	92.956108211626	0.0000000000000
2198.0000000000	0.85504727990646	160.95831075500	92.956108211626	0.0000000000000
2200.0000000000	0.83886057856805	159.30561126244	92.956108211626	0.0000000000000
2202.0000000000	0.82163909332714	157.67870220772	92.956108211626	0.0000000000000
2204.0000000000	0.80340487304371	156.08129975306	92.956108211626	0.0000000000000
2206.0000000000	0.78418364412315	154.51765145895	92.956108211626	0.0000000000000
2208.0000000000	0.76400482354433	152.99252473733	92.956108211626	0.0000000000000
2210.0000000000	0.74290182478053	151.51133983431	92.956108211626	0.0000000000000
2212.0000000000	0.72091220101130	150.08029415395	92.956108211626	0.0000000000000
2214.0000000000	0.69807768430316	148.70649804062	92.956108211626	0.0000000000000
2216.0000000000	0.67444488986259	147.39825186871	92.956108211626	0.0000000000000
2218.0000000000	0.65006594984757	146.16515646049	92.956108211626	0.0000000000000
2220.0000000000	0.62499862337588	145.01858264293	92.956108211626	0.0000000000000
2222.0000000000	0.59930745937762	143.97190622209	92.956108211626	0.0000000000000
2224.0000000000	0.57306516784880	143.04108754188	92.956108211626	0.0000000000000
2226.0000000000	0.54635359289672	142.24522502159	92.956108211626	0.0000000000000
2228.0000000000	0.51926573913886	141.60737638398	92.956108211626	0.0000000000000
2230.0000000000	0.49190896715689	141.15549303693	92.956108211626	0.0000000000000
2232.0000000000	0.46440798964716	140.92362034797	92.956108211626	0.0000000000000
2234.0000000000	0.43690970577421	140.95339973395	92.956108211626	0.0000000000000
2236.0000000000	0.40958983486655	141.29580854613	92.956108211626	0.0000000000000
2238.0000000000	0.38266096683925	142.01297914635	92.956108211626	0.0000000000000
2240.0000000000	0.35638420096090	143.18001248159	92.956108211626	0.0000000000000
2242.0000000000	0.33108278488220	144.88571967683	92.956108211626	0.0000000000000
2244.0000000000	0.30715870506808	147.23109902107	92.956108211626	0.0000000000000
2246.0000000000	0.28510934994882	150.32257932403	92.956108211626	0.0000000000000
2248.0000000000	0.26553799951271	154.25576778940	92.956108211626	0.0000000000000
2250.0000000000	0.24914593482434	159.08539421874	92.956108211626	0.0000000000000
2252.0000000000	0.23668655986863	164.78115836364	92.956108211626	0.0000000000000
2254.0000000000	0.22886594052964	171.18280687263	92.956108211626	0.0000000000000
2256.0000000000	0.22619634655423	177.98515738025	92.956108211626	0.0000000000000
2258.0000000000	0.22885570337296	-175.21523848464	92.956108211626	0.0000000000000
2260.0000000000	0.23663087054395	-168.81916354121	92.956108211626	0.0000000000000
2262.0000000000	0.24898182513266	-163.12542103761	92.956108211626	0.0000000000000
2264.0000000000	0.26518576089811	-158.28739455963	92.956108211626	0.0000000000000
2266.0000000000	0.28448195765168	-154.33018588985	92.956108211626	0.0000000000000
2268.0000000000	0.30616899051490	-151.19618335534	92.956108211626	0.0000000000000
2270.0000000000	0.32964669193569	-148.78863219881	92.956108211626	0.0000000000000
2272.0000000000	0.35442300169751	-147.00105013583	92.956108211626	0.0000000000000
2274.0000000000	0.38010188584416	-145.73279686243	92.956108211626	0.0000000000000
2276.0000000000	0.40636655573881	-144.89558046833	92.956108211626	0.0000000000000
2278.0000000000	0.43296278146821	-144.41486922709	92.956108211626	0.0000000000000
2280.0000000000	0.45968482526389	-144.22895416644	92.956108211626	0.0000000000000
2282.0000000000	0.48636434775158	-144.28720001709	92.956108211626	0.0000000000000
2284.0000000000	0.51286192634886	-144.54824987762	92.956108211626	0.0000000000000
2286.0000000000	0.53906073755194	-144.97816786873	92.956108211626	0.0000000000000
2288.0000000000	0.56486189364514	-145.54911769587	92.956108211626	0.0000000000000
2290.0000000000	0.59018060825554	-146.23804848832	92.956108211626	0.0000000000000
2292.0000000000	0.61494426549614	-147.02584216531	92.956108211626	0.0000000000000
2294.0000000000	0.63908968375473	-147.89646412676	92.956108211626	0.0000000000000
2296.0000000000	0.66256172443248	-148.83641838075	92.956108211626	0.0000000000000
2298.0000000000	0.68531299631092	-149.83425377580	92.956108211626	0.0000000000000
2300.0000000000	0.70730197122483	-150.88016288227	92.956108211626	0.0000000000000
2302.0000000000	0.72849283528236	-151.96567359804	92.956108211626	0.0000000000000
2304.0000000000	0.74885488595044	-153.08345601819	92.956108211626	0.0000000000000
2306.0000000000	0.76836251459339	-154.22714937325	92.956108211626	0.0000000000000
2308.0000000000	0.78699381131819	-155.39106569856	92.956108211626	0.0000000000000
2310.0000000000	0.80473177415407	-156.57021638209	92.956108211626	0.0000000000000
2312.0000000000	0.82156304703495	-157.76014367392	92.956108211626	0.0000000000000
2314.0000000000	0.83747821087514	-158.95683541628	92.956108211626	0.0000000000000
2316.0000000000	0.85247123524927	-160.15663912072	92.956108211626	0.0000000000000
2318.0000000000	0.86654013982861	-161.35627963128	92.956108211626	0.0000000000000
2320.0000000000	0.87968606005561	-162.55269644860	92.956108211626	0.0000000000000
2322.0000000000	0.89191391023233	-163.74313183952	92.956108211626	0.0000000000000
2324.0000000000	0.90323118375978	-164.92501178148	92.956108211626	0.0000000000000
2326.0000000000	0.91364951350365	-166.09594008108	92.956108211626	0.0000000000000
2328.0000000000	0.92318274885933	-167.25369673285	92.956108211626	0.0000000000000
2330.0000000000	0.93184856873972	-168.39619593454	92.956108211626	0.0000000000000
2332.0000000000	0.93966711756582	-169.52148369956	92.956108211626	0.0000000000000
2334.0000000000	0.94666151805490	-170.62775621735	92.956108211626	0.0000000000000
2336.0000000000	0.95285748954223	-171.71329139385	92.956108211626	0.0000000000000
2338.0000000000	0.95828376183648	-172.77649220444	92.956108211626	0.0000000000000
2340.0000000000	0.96297106823229	-173.81585628811	92.956108211626	0.0000000000000
2342.0000000000	0.96695288540969	-174.83001669170	92.956108211626	0.0000000000000
2344.0000000000	0.97026452718598	-175.81768909499	92.956108211626	0.0000000000000
2346.0000000000	0.97294375454436	-176.77771287377	92.956108211626	0.0000000000000
2348.0000000000	0.97502984355666	-177.70900914900	92.956108211626	0.0000000000000
2350.0000000000	0.97656401385308	-178.61069001131	92.956108211626	0.0000000000000
2352.0000000000	0.97758856958354	-179.48188045459	92.956108211626	0.0000000000000
2354.0000000000	0.97814751142341	179.67804720969	92.956108211626	0.0000000000000
2356.0000000000	0.97828536089517	178.86966690522	92.956108211626	0.0000000000000
2358.0000000000	0.97804771460816	178.09333418618	92.956108211626	0.0000000000000
2360.0000000000	0.97748023801672	177.34934880391	92.956108211626	0.0000000000000
2362.0000000000	0.97662913184483	176.63775218675	92.956108211626	0.0000000000000
2364.0000000000	0.97554026888612	175.95846227603	92.956108211626	0.0000000000000
2366.0000000000	0.97425894934713	175.31123311033	92.956108211626	0.0000000000000
2368.0000000000	0.97282997433764	174.69560126580	92.956108211626	0.0000000000000
2370.0000000000	0.97129665620102	174.11096454193	92.956108211626	0.0000000000000
2372.0000000000	0.96970121961084	173.55649008266	92.956108211626	0.0000000000000
2374.0000000000	0.96808378895137	173.03120733450	92.956108211626	0.0000000000000
2376.0000000000	0.96648255642240	172.53391534458	92.956108211626	0.0000000000000
2378.0000000000	0.96493335186001	172.06331450395	92.956108211626	0.0000000000000
2380.0000000000	0.96346933748215	171.61786271134	92.956108211626	0.0000000000000
2382.0000000000	0.96212052092164	171.19592164884	92.956108211626	0.0000000000000
2384.0000000000	0.96091379301433	170.79568640908	92.956108211626	0.0000000000000
2386.0000000000	0.95987282569400	170.41524458252	92.956108211626	0.0000000000000
2388.0000000000	0.95901746096013	170.05258895098	92.956108211626	0.0000000000000
2390.0000000000	0.95836402143068	169.70564415217	92.956108211626	0.0000000000000
2392.0000000000	0.95792476522138	169.37227515123	92.956108211626	0.0000000000000
2394.0000000000	0.95770862548086	169.05031320879	92.956108211626	0.0000000000000
2396.0000000000	0.95772048518690	168.73764031951	92.956108211626	0.0000000000000
2398.0000000000	0.95796157748960	168.43211283628	92.956108211626	0.0000000000000
2400.0000000000	0.95842926137808	168.13168030603	92.956108211626	0.0000000000000
2402.0000000000	0.95911800600570	167.83437533024	92.956108211626	0.0000000000000
2404.0000000000	0.96001870414040	167.53830021695	92.956108211626	0.0000000000000
2406.0000000000	0.96111936575127	167.24172064162	92.956108211626	0.0000000000000
2408.0000000000	0.96240519128621	166.94299464004	92.956108211626	0.0000000000000
2410.0000000000	0.96385906154856	166.64073067140	92.956108211626	0.0000000000000
2412.0000000000	0.96546198430247	166.33360612435	92.956108211626	0.0000000000000
2414.0000000000	0.96719285227778	166.02055063414	92.956108211626	0.0000000000000
2416.0000000000	0.96902946385174	165.70063830102	92.956108211626	0.0000000000000
2418.0000000000	0.97094857467901	165.37314453845	92.956108211626	0.0000000000000
2420.0000000000	0.97292602795986	165.03752168281	92.956108211626	0.0000000000000
2422.0000000000	0.97493767666305	164.69343167257	92.956108211626	0.0000000000000
2424.0000000000	0.97695907854559	164.34069391275	92.956108211626	0.0000000000000
2426.0000000000	0.97896621639363	163.97929426736	92.956108211626	0.0000000000000
2428.0000000000	0.98093561593762	163.60941355865	92.956108211626	0.0000000000000
2430.0000000000	0.98284483709476	163.23130631585	92.956108211626	0.0000000000000
2432.0000000000	0.98467237742762	162.84549545223	92.956108211626	0.0000000000000
2434.0000000000	0.98639850820683	162.45250362966	92.956108211626	0.0000000000000
2436.0000000000	0.98800439782259	162.05303059846	92.956108211626	0.0000000000000
2438.0000000000	0.98947366385714	161.64787814355	92.956108211626	0.0000000000000
2440.0000000000	0.99079138111215	161.23791493027	92.956108211626	0.0000000000000
2442.0000000000	0.99194503828295	160.82412954842	92.956108211626	0.0000000000000
2444.0000000000	0.99292396120611	160.40748760842	92.956108211626	0.0000000000000
2446.0000000000	0.99371962446383	159.98909780356	92.956108211626	0.0000000000000
2448.0000000000	0.99432631982993	159.57000926683	92.956108211626	0.0000000000000
2450.0000000000	0.99474018943968	159.15138951023	92.956108211626	0.0000000000000
2452.0000000000	0.99495971953934	158.73432266406	92.956108211626	0.0000000000000
2454.0000000000	0.99498597583943	158.31997668684	92.956108211626	0.0000000000000
2456.0000000000	0.99482211968194	157.90942716404	92.956108211626	0.0000000000000
2458.0000000000	0.99447359192870	157.50375621672	92.956108211626	0.0000000000000
2460.0000000000	0.99394791463487	157.10400031575	92.956108211626	0.0000000000000
2462.0000000000	0.99325453885763	156.71116638810	92.956108211626	0.0000000000000
2464.0000000000	0.99240523615752	156.32617459895	92.956108211626	0.0000000000000
2466.0000000000	0.99141316933588	155.94988477510	92.956108211626	0.0000000000000
2468.0000000000	0.99029317967592	155.58308811659	92.956108211626	0.0000000000000
2470.0000000000	0.98906191752741	155.22644504740	92.956108211626	0.0000000000000
2472.0000000000	0.98773696681178	154.88053502649	92.956108211626	0.0000000000000
2474.0000000000	0.98633712339473	154.54587184343	92.956108211626	0.0000000000000
2476.0000000000	0.98488180029846	154.22277549911	92.956108211626	0.0000000000000
2478.0000000000	0.98339138119630	153.91152350192	92.956108211626	0.0000000000000
2480.0000000000	0.98188662562573	153.61221299061	92.956108211626	0.0000000000000
2482.0000000000	0.98038810862232	153.32482584464	92.956108211626	0.0000000000000
2484.0000000000	0.97891654412665	153.04922495300	92.956108211626	0.0000000000000
2486.0000000000	0.97749248424344	152.78510684798	92.956108211626	0.0000000000000
2488.0000000000	0.97613536932525	152.53208908169	92.956108211626	0.0000000000000
2490.0000000000	0.97486402411774	152.28959989086	92.956108211626	0.0000000000000
2492.0000000000	0.97369670858865	152.05697934447	92.956108211626	0.0000000000000
2494.0000000000	0.97264949333840	151.83344087809	92.956108211626	0.0000000000000
2496.0000000000	0.97173745986445	151.61805665627	92.956108211626	0.0000000000000
2498.0000000000	0.97097385773549	151.40988574950	92.956108211626	0.0000000000000
2500.0000000000	0.97037002901452	151.20779560497	92.956108211626	0.0000000000000
2502.0000000000	0.96993518999217	151.01064699953	92.956108211626	0.0000000000000
2504.0000000000	0.96967642456519	150.81722682263	92.956108211626	0.0000000000000
2506.0000000000	0.96959893596729	150.62627178086	92.956108211626	0.0000000000000
2508.0000000000	0.96970479295488	150.43648506482	92.956108211626	0.0000000000000
2510.0000000000	0.96999467664615	150.24659641143	92.956108211626	0.0000000000000
2512.0000000000	0.97046608518721	150.05530630049	92.956108211626	0.0000000000000
2514.0000000000	0.97111489517140	149.86137279898	92.956108211626	0.0000000000000
2516.0000000000	0.97193404985920	149.66358318504	92.956108211626	0.0000000000000
2518.0000000000	0.97291514998329	149.46076704773	92.956108211626	0.0000000000000
2520.0000000000	0.97404711894962	149.25187375473	92.956108211626	0.0000000000000
2522.0000000000	0.97531718255255	149.03591318959	92.956108211626	0.0000000000000
2524.0000000000	0.97671137524974	148.81198620444	92.956108211626	0.0000000000000
2526.0000000000	0.97821335476198	148.57930185990	92.956108211626	0.0000000000000
2528.0000000000	0.97980636281876	148.33721174309	92.956108211626	0.0000000000000
2530.0000000000	0.98147229967262	148.08517269009	92.956108211626	0.0000000000000
2532.0000000000	0.98319185242788	147.82278105193	92.956108211626	0.0000000000000
2534.0000000000	0.98494561123423	147.54972038187	92.956108211626	0.0000000000000
2536.0000000000	0.98671365024639	147.26588358973	92.956108211626	0.0000000000000
2538.0000000000	0.98847616840787	146.97118929222	92.956108211626	0.0000000000000
2540.0000000000	0.99021305237718	146.66577374569	92.956108211626	0.0000000000000
2542.0000000000	0.99190486024793	146.34981702961	92.956108211626	0.0000000000000
2544.0000000000	0.99353269381927	146.02369118850	92.956108211626	0.0000000000000
2546.0000000000	0.99507859747511	145.68779892593	92.956108211626	0.0000000000000
2548.0000000000	0.99652504887567	145.34272117754	92.956108211626	0.0000000000000
2550.0000000000	0.99785652765434	144.98905327066	92.956108211626	0.0000000000000
2552.0000000000	0.99905827621126	144.62756395805	92.956108211626	0.0000000000000
2554.0000000000	1.0001170059554	144.25900664908	92.956108211626	0.0000000000000
2556.0000000000	1.0010211584342	143.88425660143	92.956108211626	0.0000000000000
2558.0000000000	1.0017612652691	143.50424448873	92.956108211626	0.0000000000000
2560.0000000000	1.0023291984433	143.11992312696	92.956108211626	0.0000000000000
2562.0000000000	1.0027187870208	142.73229560462	92.956108211626	0.0000000000000
2564.0000000000	1.0029260443221	142.34241148750	92.956108211626	0.0000000000000
2566.0000000000	1.0029490617981	141.95128386481	92.956108211626	0.0000000000000
2568.0000000000	1.0027879265392	141.56001756004	92.956108211626	0.0000000000000
2570.0000000000	1.0024440968099	141.16958398464	92.956108211626	0.0000000000000
2572.0000000000	1.0019223374114	140.78108420083	92.956108211626	0.0000000000000
2574.0000000000	1.0012281510732	140.39547589954	92.956108211626	0.0000000000000
2576.0000000000	1.0003699931325	140.01377188603	92.956108211626	0.0000000000000
2578.0000000000	0.99935720448246	139.63685370911	92.956108211626	0.0000000000000
2580.0000000000	0.99820177565667	139.26561995352	92.956108211626	0.0000000000000
2582.0000000000	0.99691669110265	138.90086783570	92.956108211626	0.0000000000000
2584.0000000000	0.99551718056235	138.54332255535	92.956108211626	0.0000000000000
2586.0000000000	0.99401938823635	138.19363826134	92.956108211626	0.0000000000000
2588.0000000000	0.99244037388558	137.85232599227	92.956108211626	0.0000000000000
2590.0000000000	0.99079905075797	137.51985866313	92.956108211626	0.0000000000000
2592.0000000000	0.98911476456269	137.19656604305	92.956108211626	0.0000000000000
2594.0000000000	0.98740722882414	136.88265753623	92.956108211626	0.0000000000000
2596.0000000000	0.98569723053074	136.57822140683	92.956108211626	0.0000000000000
2598.0000000000	0.98400514230915	136.28323771147	92.956108211626	0.0000000000000
2600.0000000000	0.98235180389045	135.99751973432	92.956108211626	0.0000000000000
2602.0000000000	0.98075734142188	135.72076137560	92.956108211626	0.0000000000000
2604.0000000000	0.97924163375967	135.45252316845	92.956108211626	0.0000000000000
2606.0000000000	0.97782381070250	135.19223178244	92.956108211626	0.0000000000000
2608.0000000000	0.97652140858513	134.93919393237	92.956108211626	0.0000000000000
2610.0000000000	0.97535158469545	134.69256323441	92.956108211626	0.0000000000000
2612.0000000000	0.97432933469380	134.45140426618	92.956108211626	0.0000000000000
2614.0000000000	0.97346831452569	134.21466782838	92.956108211626	0.0000000000000
2616.0000000000	0.97277997965144	133.98119100465	92.956108211626	0.0000000000000
2618.0000000000	0.97227425432553	133.74978060097	92.956108211626	0.0000000000000
2620.0000000000	0.97195824064588	133.51908167975	92.956108211626	0.0000000000000
2622.0000000000	0.97183717399201	133.28778646991	92.956108211626	0.0000000000000
2624.0000000000	0.97191365879322	133.05446899090	92.956108211626	0.0000000000000
2626.0000000000	0.97218806493961	132.81776180055	92.956108211626	0.0000000000000
2628.0000000000	0.97265824347158	132.57627064060	92.956108211626	0.0000000000000
2630.0000000000	0.97331910161848	132.32856020996	92.956108211626	0.0000000000000
2632.0000000000	0.97416415944187	132.07335104061	92.956108211626	0.0000000000000
2634.0000000000	0.97518349051157	131.80930142155	92.956108211626	0.0000000000000
2636.0000000000	0.97636576972195	131.53524690623	92.956108211626	0.0000000000000
2638.0000000000	0.97769728851422	131.24999140237	92.956108211626	0.0000000000000
2640.0000000000	0.97916243011884	130.95255054548	92.956108211626	0.0000000000000
2642.0000000000	0.98074385534569	130.64199699436	92.956108211626	0.0000000000000
2644.0000000000	0.98242282455390	130.31747706494	92.956108211626	0.0000000000000
2646.0000000000	0.98417947027080	129.97839185356	92.956108211626	0.0000000000000
2648.0000000000	0.98599210455126	129.62413119036	92.956108211626	0.0000000000000
2650.0000000000	0.98783943891539	129.25432073283	92.956108211626	0.0000000000000
2652.0000000000	0.98969882581858	128.86865435444	92.956108211626	0.0000000000000
2654.0000000000	0.99154737844443	128.46701456398	92.956108211626	0.0000000000000
2656.0000000000	0.99336260091783	128.04943690984	92.956108211626	0.0000000000000
2658.0000000000	0.99512188996634	127.61599701429	92.956108211626	0.0000000000000
2660.0000000000	0.99680305743345	127.16697908973	92.956108211626	0.0000000000000
2662.0000000000	0.99838471846783	126.70275360872	92.956108211626	0.0000000000000
2664.0000000000	0.99984689135343	126.22381784597	92.956108211626	0.0000000000000
2666.0000000000	1.0011697822038	125.73078528127	92.956108211626	0.0000000000000
2668.0000000000	1.0023357808494	125.22434284249	92.956108211626	0.0000000000000
2670.0000000000	1.0033282986620	124.70527523970	92.956108211626	0.0000000000000
2672.0000000000	1.0041327254468	124.17446095884	92.956108211626	0.0000000000000
2674.0000000000	1.0047362290038	123.63284678843	92.956108211626	0.0000000000000
2676.0000000000	1.0051277420477	123.08143708984	92.956108211626	0.0000000000000
2678.0000000000	1.0052982858802	122.52125608704	92.956108211626	0.0000000000000
2680.0000000000	1.0052418405458	121.95342233027	92.956108211626	0.0000000000000
2682.0000000000	1.0049537320398	121.37907986824	92.956108211626	0.0000000000000
2684.0000000000	1.0044321052579	120.79933331755	92.956108211626	0.0000000000000
2686.0000000000	1.0036773395189	120.21535765762	92.956108211626	0.0000000000000
2688.0000000000	1.0026923931413	119.62828695069	92.956108211626	0.0000000000000
2690.0000000000	1.0014826808101	119.03930242523	92.956108211626	0.0000000000000
2692.0000000000	1.0000554476835	118.44945411430	92.956108211626	0.0000000000000
2694.0000000000	0.99842142411696	117.85984328349	92.956108211626	0.0000000000000
2696.0000000000	0.99659254505309	117.27149118545	92.956108211626	0.0000000000000
2698.0000000000	0.99458397450082	116.68537576870	92.956108211626	0.0000000000000
2700.0000000000	0.99241210579330	116.10232572496	92.956108211626	0.0000000000000
2702.0000000000	0.99009600888525	115.52318043922	92.956108211626	0.0000000000000
2704.0000000000	0.98765662166666	114.94862186412	92.956108211626	0.0000000000000
2706.0000000000	0.98511609088214	114.37918971996	92.956108211626	0.0000000000000
2708.0000000000	0.98249856464241	113.81535846714	92.956108211626	0.0000000000000
2710.0000000000	0.97982937123372	113.25742643206	92.956108211626	0.0000000000000
2712.0000000000	0.97713483568612	112.70550989510	92.956108211626	0.0000000000000
2714.0000000000	0.97444229197057	112.15961056935	92.956108211626	0.0000000000000
2716.0000000000	0.97177943409886	111.61951982563	92.956108211626	0.0000000000000
2718.0000000000	0.96917403767931	111.08484093071	92.956108211626	0.0000000000000
2720.0000000000	0.96665441573579	110.55498047044	92.956108211626	0.0000000000000
2722.0000000000	0.96424763945438	110.02913886388	92.956108211626	0.0000000000000
2724.0000000000	0.96198061999316	109.50632920216	92.956108211626	0.0000000000000
2726.0000000000	0.95987917998843	108.98535104728	92.956108211626	0.0000000000000
2728.0000000000	0.95796752547236	108.46480678384	92.956108211626	0.0000000000000
2730.0000000000	0.95626808877643	107.94306116301	92.956108211626	0.0000000000000
2732.0000000000	0.95480113058590	107.41832632077	92.956108211626	0.0000000000000
2734.0000000000	0.95358506310828	106.88864495277	92.956108211626	0.0000000000000
2736.0000000000	0.95263486530121	106.35184796235	92.956108211626	0.0000000000000
2738.0000000000	0.95196346306119	105.80569094844	92.956108211626	0.0000000000000
2740.0000000000	0.95157976546115	105.24774644433	92.956108211626	0.0000000000000
2742.0000000000	0.95148996324566	104.67549965056	92.956108211626	0.0000000000000
2744.0000000000	0.95169657075751	104.08639575759	92.956108211626	0.0000000000000
2746.0000000000	0.95219859013081	103.47778533905	92.956108211626	0.0000000000000
2748.0000000000	0.95299157830546	102.84703085487	92.956108211626	0.0000000000000
2750.0000000000	0.95406739393934	102.19149600009	92.956108211626	0.0000000000000
2752.0000000000	0.95541419689979	101.50856009722	92.956108211626	0.0000000000000
2754.0000000000	0.95701727968778	100.79567994842	92.956108211626	0.0000000000000
2756.0000000000	0.95885833935639	100.05035513655	92.956108211626	0.0000000000000
2758.0000000000	0.96091591935734	99.270251444335	92.956108211626	0.0000000000000
2760.0000000000	0.96316624624480	98.453088739170	92.956108211626	0.0000000000000
2762.0000000000	0.96558247291916	97.596719326837	92.956108211626	0.0000000000000
2764.0000000000	0.96813581830225	96.699219026274	92.956108211626	0.0000000000000
2766.0000000000	0.97079571442400	95.758715119561	92.956108211626	0.0000000000000
2768.0000000000	0.97352940936410	94.773501692929	92.956108211626	0.0000000000000
2770.0000000000	0.97630377568392	93.742087793993	92.956108211626	0.0000000000000
2772.0000000000	0.97908380268600	92.663109563865	92.956108211626	0.0000000000000
2774.0000000000	0.98183467668563	91.535295044551	92.956108211626	0.0000000000000
2776.0000000000	0.98452101325903	90.357592756360	92.956108211626	0.0000000000000
2778.0000000000	0.98710766156673	89.129019277276	92.956108211626	0.0000000000000
2780.0000000000	0.98955957868000	87.848754723157	92.956108211626	0.0000000000000
2782.0000000000	0.99184294233139	86.516074423876	92.956108211626	0.0000000000000
2784.0000000000	0.99392449935270	85.130392875873	92.956108211626	0.0000000000000
2786.0000000000	0.99577281652897	83.691081311472	92.956108211626	0.0000000000000
2788.0000000000	0.99735725315698	82.197810110441	92.956108211626	0.0000000000000
2790.0000000000	0.99864987268726	80.650089461139	92.956108211626	0.0000000000000
2792.0000000000	0.99962413597755	79.047563461313	92.956108211626	0.0000000000000
2794.0000000000	1.0002560005226	77.389958129493	92.956108211626	0.0000000000000
2796.0000000000	1.0005237179640	75.676974526738	92.956108211626	0.0000000000000
2798.0000000000	1.0004083117182	73.908310549909	92.956108211626	0.0000000000000
2800.0000000000	0.99989353212312	72.083804289976	92.956108211626	0.0000000000000
2802.0000000000	0.99896594366493	70.203068883589	92.956108211626	0.0000000000000
2804.0000000000	0.99761525644125	68.265891250859	92.956108211626	0.0000000000000
2806.0000000000	0.99583434611398	66.271994975573	92.956108211626	0.0000000000000
2808.0000000000	0.99361919588427	64.221026232324	92.956108211626	0.0000000000000
2810.0000000000	0.99096935969032	62.112740712340	92.956108211626	0.0000000000000
2812.0000000000	0.98788762932145	59.946669984851	92.956108211626	0.0000000000000
2814.0000000000	0.98438033054577	57.722486439110	92.956108211626	0.0000000000000
2816.0000000000	0.98045721379472	55.439835927643	92.956108211626	0.0000000000000
2818.0000000000	0.97613179289978	53.098229407778	92.956108211626	0.0000000000000
2820.0000000000	0.97142100065576	50.697227592080	92.956108211626	0.0000000000000
2822.0000000000	0.96634527674920	48.236418079708	92.956108211626	0.0000000000000
2824.0000000000	0.96092867190685	45.715343245153	92.956108211626	0.0000000000000
2826.0000000000	0.95519883391709	43.133503572171	92.956108211626	0.0000000000000
2828.0000000000	0.94918658680577	40.490604770043	92.956108211626	0.0000000000000
2830.0000000000	0.94292619171697	37.786203332198	92.956108211626	0.0000000000000
2832.0000000000	0.93645524717608	35.020006849426	92.956108211626	0.0000000000000
2834.0000000000	0.92981404020637	32.191865257513	92.956108211626	0.0000000000000
2836.0000000000	0.92304626949559	29.301652867179	92.956108211626	0.0000000000000
2838.0000000000	0.91619813567393	26.349429494228	92.956108211626	0.0000000000000
2840.0000000000	0.90931752645851	23.335442853801	92.956108211626	0.0000000000000
2842.0000000000	0.90245542627188	20.260130820204	92.956108211626	0.0000000000000
2844.0000000000	0.89566361986398	17.124194094507	92.956108211626	0.0000000000000
2846.0000000000	0.88899560543210	13.928617443193	92.956108211626	0.0000000000000
2848.0000000000	0.88250567205115	10.674699867089	92.956108211626	0.0000000000000
2850.0000000000	0.87624829405681	7.3641032622197	92.956108211626	0.0000000000000
2852.0000000000	0.87027752149225	3.9988781387607	92.956108211626	0.0000000000000
2854.0000000000	0.86464661787875	0.58148886178915	92.956108211626	0.0000000000000
2856.0000000000	0.85940739065628	-2.8851583260348	92.956108211626	0.0000000000000
2858.0000000000	0.85460909335866	-6.3977059703840	92.956108211626	0.0000000000000
2860.0000000000	0.85029837344262	-9.9523421564597	92.956108211626	0.0000000000000
2862.0000000000	0.84651785995282	-13.544802062307	92.956108211626	0.0000000000000
2864.0000000000	0.84330623189799	-17.170398456071	92.956108211626	0.0000000000000
2866.0000000000	0.84069687242449	-20.824047442068	92.956108211626	0.0000000000000
2868.0000000000	0.83871768166088	-24.500318555828	92.956108211626	0.0000000000000
2870.0000000000	0.83739092241024	-28.193475568093	92.956108211626	0.0000000000000
2872.0000000000	0.83673164779864	-31.897582211748	92.956108211626	0.0000000000000
2874.0000000000	0.83674880925101	-35.606541114625	92.956108211626	0.0000000000000
2876.0000000000	0.83744417926989	-39.314194186515	92.956108211626	0.0000000000000
2878.0000000000	0.83881263879054	-43.014411153637	92.956108211626	0.0000000000000
2880.0000000000	0.84084189111917	-46.701165937530	92.956108211626	0.0000000000000
2882.0000000000	0.84351340442323	-50.368618405364	92.956108211626	0.0000000000000
2884.0000000000	0.84680220768282	-54.011177563093	92.956108211626	0.0000000000000
2886.0000000000	0.85067741142396	-57.623608041958	92.956108211626	0.0000000000000
2888.0000000000	0.85510271684103	-61.200990190848	92.956108211626	0.0000000000000
2890.0000000000	0.86003707594253	-64.738892812987	92.956108211626	0.0000000000000
2892.0000000000	0.86543558232289	-68.233256137066	92.956108211626	0.0000000000000
2894.0000000000	0.87124962755345	-71.680521113371	92.956108211626	0.0000000000000
2896.0000000000	0.87742821962315	-75.077543548794	92.956108211626	0.0000000000000
2898.0000000000	0.88391796561903	-78.421673248912	92.956108211626	0.0000000000000
2900.0000000000	0.89066439434458	-81.710626951338	92.956108211626	0.0000000000000
2902.0000000000	0.89761233190356	-84.942563564715	92.956108211626	0.0000000000000
2904.0000000000	0.90470629179869	-88.116006490762	92.956108211626	0.0000000000000
2906.0000000000	0.91189134591391	-91.229807919561	92.956108211626	0.0000000000000
2908.0000000000	0.91911353672327	-94.283148998456	92.956108211626	0.0000000000000
2910.0000000000	0.92632014263176	-97.275414119928	92.956108211626	0.0000000000000
2912.0000000000	0.93346051408594	-100.20626140461	92.956108211626	0.0000000000000
2914.0000000000	0.94048590251375	-103.07554238546	92.956108211626	0.0000000000000
2916.0000000000	0.94734994848210	-105.88324214448	92.956108211626	0.0000000000000
2918.0000000000	0.95400930796302	-108.62949693915	92.956108211626	0.0000000000000
2920.0000000000	0.96042338556105	-111.31449839612	92.956108211626	0.0000000000000
2922.0000000000	0.96655486751355	-113.93857334939	92.956108211626	0.0000000000000
2924.0000000000	0.97236923831861	-116.50205293297	92.956108211626	0.0000000000000
2926.0000000000	0.97783587908841	-119.00529039306	92.956108211626	0.0000000000000
2928.0000000000	0.98292755385101	-121.44874790206	92.956108211626	0.0000000000000
2930.0000000000	0.98762058999174	-123.83275694382	92.956108211626	0.0000000000000
2932.0000000000	0.99189469336324	-126.15772206043	92.956108211626	0.0000000000000
2934.0000000000	0.99573353770786	-128.42400782682	92.956108211626	0.0000000000000
2936.0000000000	0.99912421036330	-130.63196330760	92.956108211626	0.0000000000000
2938.0000000000	1.0020574958160	-132.78191462049	92.956108211626	0.0000000000000
2940.0000000000	1.0045278831835	-134.87411456259	92.956108211626	0.0000000000000
2942.0000000000	1.0065338542333	-136.90885190509	92.956108211626	0.0000000000000
2944.0000000000	1.0080762370664	-138.88630813700	92.956108211626	0.0000000000000
2946.0000000000	1.0091609437120	-140.80670265532	92.956108211626	0.0000000000000
2948.0000000000	1.0097958695524	-142.67017786701	92.956108211626	0.0000000000000
2950.0000000000	1.0099932438379	-144.47691606105	92.956108211626	0.0000000000000
2952.0000000000	1.0097680204298	-146.22701010708	92.956108211626	0.0000000000000
2954.0000000000	1.0091384383990	-147.92064524157	92.956108211626	0.0000000000000
2956.0000000000	1.0081253954791	-149.55790346108	92.956108211626	0.0000000000000
2958.0000000000	1.0067531481049	-151.13898156988	92.956108211626	0.0000000000000
2960.0000000000	1.0050482302375	-152.66404645455	92.956108211626	0.0000000000000
2962.0000000000	1.0030395135006	-154.13332890447	92.956108211626	0.0000000000000
2964.0000000000	1.0007581705201	-155.54710828577	92.956108211626	0.0000000000000
2966.0000000000	0.99823769658612	-156.90570346710	92.956108211626	0.0000000000000
2968.0000000000	0.99551280407620	-158.20959608654	92.956108211626	0.0000000000000
2970.0000000000	0.99262021883171	-159.45927628592	92.956108211626	0.0000000000000
2972.0000000000	0.98959752772648	-160.65539208308	92.956108211626	0.0000000000000
2974.0000000000	0.98648300452887	-161.79872577787	92.956108211626	0.0000000000000
2976.0000000000	0.98331582149035	-162.89017619982	92.956108211626	0.0000000000000
2978.0000000000	0.98013527730879	-163.93082458233	92.956108211626	0.0000000000000
2980.0000000000	0.97697987509344	-164.92192513885	92.956108211626	0.0000000000000
2982.0000000000	0.97388853639334	-165.86481987489	92.956108211626	0.0000000000000
2984.0000000000	0.97089823948943	-166.76113043103	92.956108211626	0.0000000000000
2986.0000000000	0.96804524057566	-167.61263767230	92.956108211626	0.0000000000000
2988.0000000000	0.96536364138297	-168.42127657765	92.956108211626	0.0000000000000
2990.0000000000	0.96288558439040	-169.18919514054	92.956108211626	0.0000000000000
2992.0000000000	0.96064068881479	-169.91868747892	92.956108211626	0.0000000000000
2994.0000000000	0.95865550700483	-170.61222393570	92.956108211626	0.0000000000000
2996.0000000000	0.95695357580943	-171.27241579272	92.956108211626	0.0000000000000
2998.0000000000	0.95555511782367	-171.90199555719	92.956108211626	0.0000000000000
3000.0000000000	0.95447630032102	-172.50376379190	92.956108211626	0.0000000000000
3002.0000000000	0.95372943449652	-173.08066801344	92.956108211626	0.0000000000000
3004.0000000000	0.95332308877824	-173.63564884552	92.956108211626	0.0000000000000
3006.0000000000	0.95326146404478	-174.17162736421	92.956108211626	0.0000000000000
3008.0000000000	0.95354446855798	-174.69155425140	92.956108211626	0.0000000000000
3010.0000000000	0.95416852496540	-175.19832734253	92.956108211626	0.0000000000000
3012.0000000000	0.95512534490027	-175.69471807619	92.956108211626	0.0000000000000
3014.0000000000	0.95640332183678	-176.18339054744	92.956108211626	0.0000000000000
3016.0000000000	0.95798689598562	-176.66689956111	92.956108211626	0.0000000000000
3018.0000000000	0.95985739762765	-177.14759502071	92.956108211626	0.0000000000000
3020.0000000000	0.96199268337901	-177.62763433551	92.956108211626	0.0000000000000
3022.0000000000	0.96436848578236	-178.10897142928	92.956108211626	0.0000000000000
3024.0000000000	0.96695743038482	-178.59336837363	92.956108211626	0.0000000000000
3026.0000000000	0.96973078805380	-179.08228712071	92.956108211626	0.0000000000000
3028.0000000000	0.97265796022566	-179.57701140559	92.956108211626	0.0000000000000
3030.0000000000	0.97570689855524	179.92143414698	92.956108211626	0.0000000000000
3032.0000000000	0.97884530016420	179.41225718429	92.956108211626	0.0000000000000
3034.0000000000	0.98203989648853	178.89491137061	92.956108211626	0.0000000000000
3036.0000000000	0.98525769783673	178.36908235229	92.956108211626	0.0000000000000
3038.0000000000	0.98846582410077	177.83464743997	92.956108211626	0.0000000000000
3040.0000000000	0.99163229434195	177.29166130936	92.956108211626	0.0000000000000
3042.0000000000	0.99472577071528	176.74043731005	92.956108211626	0.0000000000000
3044.0000000000	0.99771660736346	176.18139999678	92.956108211626	0.0000000000000
3046.0000000000	1.0005762300612	175.61517758540	92.956108211626	0.0000000000000
3048.0000000000	1.0032782499750	175.04250714396	92.956108211626	0.0000000000000
3050.0000000000	1.0057981070837	174.46429019162	92.956108211626	0.0000000000000
3052.0000000000	1.0081131590105	173.88153825629	92.956108211626	0.0000000000000
3054.0000000000	1.0102038901921	173.29530047696	92.956108211626	0.0000000000000
3056.0000000000	1.0120522869923	172.70679743037	92.956108211626	0.0000000000000
3058.0000000000	1.0136436734189	172.11728401833	92.956108211626	0.0000000000000
3060.0000000000	1.0149657650075	171.52802971461	92.956108211626	0.0000000000000
3062.0000000000	1.0160090750888	170.94042811013	92.956108211626	0.0000000000000
3064.0000000000	1.0167672772515	170.35584641951	92.956108211626	0.0000000000000
3066.0000000000	1.0172360956692	169.77569022379	92.956108211626	0.0000000000000
3068.0000000000	1.0174148998800	169.20136652381	92.956108211626	0.0000000000000
3070.0000000000	1.0173055235701	168.63429554480	92.956108211626	0.0000000000000
3072.0000000000	1.0169126942620	168.07584727408	92.956108211626	0.0000000000000
3074.0000000000	1.0162435260247	167.52738226099	92.956108211626	0.0000000000000
3076.0000000000	1.0153083270928	166.99023079122	92.956108211626	0.0000000000000
3078.0000000000	1.0141194201529	166.46565831456	92.956108211626	0.0000000000000
3080.0000000000	1.0126919103347	165.95486757996	92.956108211626	0.0000000000000
3082.0000000000	1.0110433091323	165.45898325162	92.956108211626	0.0000000000000
3084.0000000000	1.0091928286980	164.97908112932	92.956108211626	0.0000000000000
3086.0000000000	1.0071618305905	164.51607368842	92.956108211626	0.0000000000000
3088.0000000000	1.0049736690803	164.07085753290	92.956108211626	0.0000000000000
3090.0000000000	1.0026529212512	163.64411987917	92.956108211626	0.0000000000000
3092.0000000000	1.0002255882807	163.23646728597	92.956108211626	0.0000000000000
3094.0000000000	0.99771877483097	162.84837624137	92.956108211626	0.0000000000000
3096.0000000000	0.99516024814132	162.48013328865	92.956108211626	0.0000000000000
3098.0000000000	0.99257871327272	162.13191730055	92.956108211626	0.0000000000000
3100.0000000000	0.99000247782373	161.80371208254	92.956108211626	0.0000000000000
3102.0000000000	0.98746024083651	161.49534278518	92.956108211626	0.0000000000000
3104.0000000000	0.98498007014658	161.20649400140	92.956108211626	0.0000000000000
3106.0000000000	0.98258949475483	160.93661900007	92.956108211626	0.0000000000000
3108.0000000000	0.98031483231089	160.68502231407	92.956108211626	0.0000000000000
3110.0000000000	0.97818115004409	160.45088167900	92.956108211626	0.0000000000000
3112.0000000000	0.97621221108478	160.23313569486	92.956108211626	0.0000000000000
3114.0000000000	0.97442929252531	160.03066161770	92.956108211626	0.0000000000000
3116.0000000000	0.97285188177864	159.84212142905	92.956108211626	0.0000000000000
3118.0000000000	0.97149710330144	159.66603857448	92.956108211626	0.0000000000000
3120.0000000000	0.97037922477358	159.50092943862	92.956108211626	0.0000000000000
3122.0000000000	0.96950980670398	159.34509029610	92.956108211626	0.0000000000000
3124.0000000000	0.96889727193046	159.19683200795	92.956108211626	0.0000000000000
3126.0000000000	0.96854761720873	159.05438309088	92.956108211626	0.0000000000000
3128.0000000000	0.96846306579367	158.91594840436	92.956108211626	0.0000000000000
3130.0000000000	0.96864316944711	158.77975380271	92.956108211626	0.0000000000000
3132.0000000000	0.96908410798471	158.64402570640	92.956108211626	0.0000000000000
3134.0000000000	0.96977920587644	158.50703971637	92.956108211626	0.0000000000000
3136.0000000000	0.97071890338515	158.36714514213	92.956108211626	0.0000000000000
3138.0000000000	0.97189052026231	158.22279141427	92.956108211626	0.0000000000000
3140.0000000000	0.97327960362856	158.07252839934	92.956108211626	0.0000000000000
3142.0000000000	0.97486871165418	157.91502512438	92.956108211626	0.0000000000000
3144.0000000000	0.97663837716470	157.74907802428	92.956108211626	0.0000000000000
3146.0000000000	0.97856765537073	157.57370518495	92.956108211626	0.0000000000000
3148.0000000000	0.98063385721675	157.38799540794	92.956108211626	0.0000000000000
3150.0000000000	0.98281293508078	157.19125918897	92.956108211626	0.0000000000000
3152.0000000000	0.98508006379689	156.98293864913	92.956108211626	0.0000000000000
3154.0000000000	0.98740968471080	156.76269095372	92.956108211626	0.0000000000000
3156.0000000000	0.98977629733045	156.53028674784	92.956108211626	0.0000000000000
3158.0000000000	0.99215383106296	156.28568450079	92.956108211626	0.0000000000000
3160.0000000000	0.99451669357324	156.02903208513	92.956108211626	0.0000000000000
3162.0000000000	0.99683997429687	155.76055075765	92.956108211626	0.0000000000000
3164.0000000000	0.99909940243176	155.48068047057	92.956108211626	0.0000000000000
3166.0000000000	1.0012716537766	155.18995876079	92.956108211626	0.0000000000000
3168.0000000000	1.0033347297902	154.88900435730	92.956108211626	0.0000000000000
3170.0000000000	1.0052684597043	154.57861460323	92.956108211626	0.0000000000000
3172.0000000000	1.0070534330758	154.25964325746	92.956108211626	0.0000000000000
3174.0000000000	1.0086731698406	153.93304194835	92.956108211626	0.0000000000000
3176.0000000000	1.0101120222427	153.59983582088	92.956108211626	0.0000000000000
3178.0000000000	1.0113567828301	153.26112392972	92.956108211626	0.0000000000000
3180.0000000000	1.0123969838751	152.91802106097	92.956108211626	0.0000000000000
3182.0000000000	1.0132234887941	152.57171129001	92.956108211626	0.0000000000000
3184.0000000000	1.0138299120951	152.22341644340	92.956108211626	0.0000000000000
3186.0000000000	1.0142118602974	151.87432255137	92.956108211626	0.0000000000000
3188.0000000000	1.0143677535248	151.52569937995	92.956108211626	0.0000000000000
3190.0000000000	1.0142975884320	151.17873695409	92.956108211626	0.0000000000000
3192.0000000000	1.0140041929730	150.83465710750	92.956108211626	0.0000000000000
3194.0000000000	1.0134923465770	150.49462383254	92.956108211626	0.0000000000000
3196.0000000000	1.0127691131377	150.15980917836	92.956108211626	0.0000000000000
3198.0000000000	1.0118434607762	149.83127726826	92.956108211626	0.0000000000000
3200.0000000000	1.0107262790148	149.51010853402	92.956108211626	0.0000000000000
3202.0000000000	1.0094306193053	149.19725834799	92.956108211626	0.0000000000000
3204.0000000000	1.0079706814671	148.89364548230	92.956108211626	0.0000000000000
3206.0000000000	1.0063624303920	148.60006248024	92.956108211626	0.0000000000000
3208.0000000000	1.0046237215043	148.31725834131	92.956108211626	0.0000000000000
3210.0000000000	1.0027724447367	148.04586413924	92.956108211626	0.0000000000000
3212.0000000000	1.0008285902900	147.78638985181	92.956108211626	0.0000000000000
3214.0000000000	0.99881198449350	147.53924423087	92.956108211626	0.0000000000000
3216.0000000000	0.99674352684994	147.30473410796	92.956108211626	0.0000000000000
3218.0000000000	0.99464432162732	147.08299908654	92.956108211626	0.0000000000000
3220.0000000000	0.99253546889999	146.87412006543	92.956108211626	0.0000000000000
3222.0000000000	0.99043764132851	146.67794186526	92.956108211626	0.0000000000000
3224.0000000000	0.98837151562470	146.49431751569	92.956108211626	0.0000000000000
3226.0000000000	0.98635687142459	146.32287126010	92.956108211626	0.0000000000000
3228.0000000000	0.98441245266696	146.16312753677	92.956108211626	0.0000000000000
3230.0000000000	0.98255595680880	146.01452715513	92.956108211626	0.0000000000000
3232.0000000000	0.98080373349546	145.87631942988	92.956108211626	0.0000000000000
3234.0000000000	0.97917078521403	145.74775162901	92.956108211626	0.0000000000000
3236.0000000000	0.97767001756090	145.62789423505	92.956108211626	0.0000000000000
3238.0000000000	0.97631267650070	145.51577415946	92.956108211626	0.0000000000000
3240.0000000000	0.97510806112917	145.41032878403	92.956108211626	0.0000000000000
3242.0000000000	0.97406281671658	145.31047048272	92.956108211626	0.0000000000000
3244.0000000000	0.97318179714041	145.21502399437	92.956108211626	0.0000000000000
3246.0000000000	0.97246789307309	145.12286968398	92.956108211626	0.0000000000000
3248.0000000000	0.97192113019661	145.03282253904	92.956108211626	0.0000000000000
3250.0000000000	0.97153968223576	144.94370029622	92.956108211626	0.0000000000000
3252.0000000000	0.97131941111980	144.85441756291	92.956108211626	0.0000000000000
3254.0000000000	0.97125388176260	144.76385021360	92.956108211626	0.0000000000000
3256.0000000000	0.97133524602798	144.67100627530	92.956108211626	0.0000000000000
3258.0000000000	0.97155287550896	144.57492672264	92.956108211626	0.0000000000000
3260.0000000000	0.97189562397578	144.47475868862	92.956108211626	0.0000000000000
3262.0000000000	0.97234974318550	144.36974579160	92.956108211626	0.0000000000000
3264.0000000000	0.97290099168563	144.25923425471	92.956108211626	0.0000000000000
3266.0000000000	0.97353403313557	144.14267293278	92.956108211626	0.0000000000000
3268.0000000000	0.97423200037739	144.01965863162	92.956108211626	0.0000000000000
3270.0000000000	0.97497835390039	143.88990161122	92.956108211626	0.0000000000000
3272.0000000000	0.97575564277792	143.75324548561	92.956108211626	0.0000000000000
3274.0000000000	0.97654645439314	143.60962877001	92.956108211626	0.0000000000000
3276.0000000000	0.97733372394148	143.45914536620	92.956108211626	0.0000000000000
3278.0000000000	0.97810067244996	143.30199826482	92.956108211626	0.0000000000000
3280.0000000000	0.97883118252108	143.13850723850	92.956108211626	0.0000000000000
3282.0000000000	0.97950998962566	142.96911354080	92.956108211626	0.0000000000000
3284.0000000000	0.98012263654762	142.79432226144	92.956108211626	0.0000000000000
3286.0000000000	0.98065634391624	142.61475986957	92.956108211626	0.0000000000000
3288.0000000000	0.98109954535022	142.43113864712	92.956108211626	0.0000000000000
3290.0000000000	0.98144210836255	142.24423844101	92.956108211626	0.0000000000000
3292.0000000000	0.98167576566476	142.05488513019	92.956108211626	0.0000000000000
3294.0000000000	0.98179422072844	141.86399424635	92.956108211626	0.0000000000000
3296.0000000000	0.98179291947373	141.67247604250	92.956108211626	0.0000000000000
3298.0000000000	0.98166923692746	141.48131381457	92.956108211626	0.0000000000000
3300.0000000000	0.98142260531882	141.29148938093	92.956108211626	0.0000000000000
3302.0000000000	0.98105463220278	141.10393371336	92.956108211626	0.0000000000000
3304.0000000000	0.98056895588970	140.91965252385	92.956108211626	0.0000000000000
3306.0000000000	0.97997123257552	140.73958096839	92.956108211626	0.0000000000000
3308.0000000000	0.97926896790601	140.56464446819	92.956108211626	0.0000000000000
3310.0000000000	0.97847185085811	140.39569491764	92.956108211626	0.0000000000000
3312.0000000000	0.97759128570369	140.23354274391	92.956108211626	0.0000000000000
3314.0000000000	0.97664012435358	140.07890270859	92.956108211626	0.0000000000000
3316.0000000000	0.97563311009851	139.93240968349	92.956108211626	0.0000000000000
3318.0000000000	0.97458633885651	139.79463178017	92.956108211626	0.0000000000000
3320.0000000000	0.97351694854240	139.66600683910	92.956108211626	0.0000000000000
3322.0000000000	0.97244322415345	139.54685816040	92.956108211626	0.0000000000000
3324.0000000000	0.97138415757144	139.43738758749	92.956108211626	0.0000000000000
3326.0000000000	0.97035925626249	139.33763441013	92.956108211626	0.0000000000000
3328.0000000000	0.96938819294283	139.24754188750	92.956108211626	0.0000000000000
3330.0000000000	0.96849117492258	139.16693581200	92.956108211626	0.0000000000000
3332.0000000000	0.96768731154750	139.09538661607	92.956108211626	0.0000000000000
3334.0000000000	0.96699583597132	139.03243655294	92.956108211626	0.0000000000000
3336.0000000000	0.96643448880700	138.97741709154	92.956108211626	0.0000000000000
3338.0000000000	0.96602069183674	138.92958253091	92.956108211626	0.0000000000000
3340.0000000000	0.96576996453917	138.88799040757	92.956108211626	0.0000000000000
3342.0000000000	0.96569604321949	138.85157321510	92.956108211626	0.0000000000000
3344.0000000000	0.96581098280585	138.81923870083	92.956108211626	0.0000000000000
3346.0000000000	0.96612498705077	138.78973134528	92.956108211626	0.0000000000000
3348.0000000000	0.96664570690888	138.76172964112	92.956108211626	0.0000000000000
3350.0000000000	0.96737812259275	138.73386133424	92.956108211626	0.0000000000000
3352.0000000000	0.96832488441368	138.70470976340	92.956108211626	0.0000000000000
3354.0000000000	0.96948613665359	138.67284494272	92.956108211626	0.0000000000000
3356.0000000000	0.97085872701831	138.63678951229	92.956108211626	0.0000000000000
3358.0000000000	0.97243742966842	138.59520123709	92.956108211626	0.0000000000000
3360.0000000000	0.97421387667924	138.54664972579	92.956108211626	0.0000000000000
3362.0000000000	0.97617721367343	138.48985207629	92.956108211626	0.0000000000000
3364.0000000000	0.97831390024249	138.42358184548	92.956108211626	0.0000000000000
3366.0000000000	0.98060842240929	138.34671816404	92.956108211626	0.0000000000000
3368.0000000000	0.98304247812735	138.25820514364	92.956108211626	0.0000000000000
3370.0000000000	0.98559647754489	138.15721900671	92.956108211626	0.0000000000000
3372.0000000000	0.98824812137977	138.04294499205	92.956108211626	0.0000000000000
3374.0000000000	0.99097462852300	137.91486009000	92.956108211626	0.0000000000000
3376.0000000000	0.99375095499840	137.77244395039	92.956108211626	0.0000000000000
3378.0000000000	0.99655185860313	137.61545734224	92.956108211626	0.0000000000000
3380.0000000000	0.99935136768058	137.44373726728	92.956108211626	0.0000000000000
3382.0000000000	1.0021221543093	137.25733505302	92.956108211626	0.0000000000000
3384.0000000000	1.0048384702376	137.05643939368	92.956108211626	0.0000000000000
3386.0000000000	1.0074731469301	136.84137269367	92.956108211626	0.0000000000000
3388.0000000000	1.0100002554938	136.61262276318	92.956108211626	0.0000000000000
3390.0000000000	1.0123950244608	136.37083394396	92.956108211626	0.0000000000000
3392.0000000000	1.0146331070583	136.11676883693	92.956108211626	0.0000000000000
3394.0000000000	1.0166913390511	135.85129517374	92.956108211626	0.0000000000000
3396.0000000000	1.0185485040816	135.57541754561	92.956108211626	0.0000000000000
3398.0000000000	1.0201852334126	135.29029710546	92.956108211626	0.0000000000000
3400.0000000000	1.0215840596816	134.99708305130	92.956108211626	0.0000000000000
3402.0000000000	1.0227290631593	134.69712667181	92.956108211626	0.0000000000000
3404.0000000000	1.0236072952735	134.39176362476	92.956108211626	0.0000000000000
3406.0000000000	1.0242082088642	134.08243870706	92.956108211626	0.0000000000000
3408.0000000000	1.0245237239413	133.77065388277	92.956108211626	0.0000000000000
3410.0000000000	1.0245485729062	133.45794132958	92.956108211626	0.0000000000000
3412.0000000000	1.0242801087566	133.14586259401	92.956108211626	0.0000000000000
3414.0000000000	1.0237192199183	132.83601002717	92.956108211626	0.0000000000000
3416.0000000000	1.0228686963653	132.52999202927	92.956108211626	0.0000000000000
3418.0000000000	1.0217349975234	132.22936053247	92.956108211626	0.0000000000000
3420.0000000000	1.0203275608345	131.93573941271	92.956108211626	0.0000000000000
3422.0000000000	1.0186584407143	131.65061860737	92.956108211626	0.0000000000000
3424.0000000000	1.0167425266982	131.37552496072	92.956108211626	0.0000000000000
3426.0000000000	1.0145975531033	131.11187884479	92.956108211626	0.0000000000000
3428.0000000000	1.0122442583262	130.86102285560	92.956108211626	0.0000000000000
3430.0000000000	1.0097054910025	130.62423797460	92.956108211626	0.0000000000000
3432.0000000000	1.0070068782327	130.40269473116	92.956108211626	0.0000000000000
3434.0000000000	1.0041760697129	130.19740580312	92.956108211626	0.0000000000000
3436.0000000000	1.0012423055918	130.00930280595	92.956108211626	0.0000000000000
3438.0000000000	0.99823693054295	129.83906508360	92.956108211626	0.0000000000000
3440.0000000000	0.99519256971237	129.68730043288	92.956108211626	0.0000000000000
3442.0000000000	0.99214305776342	129.55438456812	92.956108211626	0.0000000000000
3444.0000000000	0.98912273932693	129.44048444289	92.956108211626	0.0000000000000
3446.0000000000	0.98616630916759	129.34557198760	92.956108211626	0.0000000000000
3448.0000000000	0.98330849265102	129.26934579784	92.956108211626	0.0000000000000
3450.0000000000	0.98058366927246	129.21137410321	92.956108211626	0.0000000000000
3452.0000000000	0.97802499419244	129.17085313103	92.956108211626	0.0000000000000
3454.0000000000	0.97566454304373	129.14686883717	92.956108211626	0.0000000000000
3456.0000000000	0.97353248201423	129.13823444216	92.956108211626	0.0000000000000
3458.0000000000	0.97165673418152	129.14345283982	92.956108211626	0.0000000000000
3460.0000000000	0.97006273619161	129.16093926504	92.956108211626	0.0000000000000
3462.0000000000	0.96877246574227	129.18886066209	92.956108211626	0.0000000000000
3464.0000000000	0.96780498949861	129.22519829265	92.956108211626	0.0000000000000
3466.0000000000	0.96717531829336	129.26779032980	92.956108211626	0.0000000000000
3468.0000000000	0.96689471963241	129.31439800425	92.956108211626	0.0000000000000
3470.0000000000	0.96696990208906	129.36259601191	92.956108211626	0.0000000000000
3472.0000000000	0.96740355558507	129.41005109749	92.956108211626	0.0000000000000
3474.0000000000	0.96819374171072	129.45433757625	92.956108211626	0.0000000000000
3476.0000000000	0.96933407513636	129.49304860851	92.956108211626	0.0000000000000
3478.0000000000	0.97081386194779	129.52389610582	92.956108211626	0.0000000000000
3480.0000000000	0.97261807497832	129.54460804905	92.956108211626	0.0000000000000
3482.0000000000	0.97472756761332	129.55312784314	92.956108211626	0.0000000000000
3484.0000000000	0.97711950773485	129.54750003812	92.956108211626	0.0000000000000
3486.0000000000	0.97976737259262	129.52605245608	92.956108211626	0.0000000000000
3488.0000000000	0.98264167451889	129.48720426823	92.956108211626	0.0000000000000
3490.0000000000	0.98570991401794	129.42963981800	92.956108211626	0.0000000000000
3492.0000000000	0.98893736790386	129.35234688005	92.956108211626	0.0000000000000
3494.0000000000	0.99228734014399	129.25448527006	92.956108211626	0.0000000000000
3496.0000000000	0.99572182497580	129.13550250706	92.956108211626	0.0000000000000
3498.0000000000	0.99920167392588	128.99509995708	92.956108211626	0.0000000000000
3500.0000000000	1.0026872099973	128.83319915090	92.956108211626	0.0000000000000
