#Parameters = {Curva=0; DistanciaX=50; DistanciaY=50; Hcooper=0.035; Hfr=1.565; La=14; Lamda=61.2322; Lf=15; Lfdiv=15.30805; Lp=27; Placa=100; Wa=2; Wf=3; Wfdiv=1.6548; Wp=26.11}
#"Frequency / MHz"	"S2,2 [Mag]"	"S2,2 [Pha in deg.]"	"Ref.Imp. [Mag]"	"Ref.Imp. [Pha in deg.]"
#---------------------------------------------------------------------------------------------
1500.0000000000	0.99356450208278	152.79729477583	50.000000000000	0.0000000000000
1502.0000000000	0.99358757410530	152.29851912413	50.000000000000	0.0000000000000
1504.0000000000	0.99361007191489	151.80198194215	50.000000000000	0.0000000000000
1506.0000000000	0.99363200562287	151.30764382528	50.000000000000	0.0000000000000
1508.0000000000	0.99365338483437	150.81546572733	50.000000000000	0.0000000000000
1510.0000000000	0.99367421866458	150.32540895493	50.000000000000	0.0000000000000
1512.0000000000	0.99369451575439	149.83743516195	50.000000000000	0.0000000000000
1514.0000000000	0.99371428428563	149.35150634378	50.000000000000	0.0000000000000
1516.0000000000	0.99373353199582	148.86758483163	50.000000000000	0.0000000000000
1518.0000000000	0.99375226619242	148.38563328679	50.000000000000	0.0000000000000
1520.0000000000	0.99377049376668	147.90561469478	50.000000000000	0.0000000000000
1522.0000000000	0.99378822120702	147.42749235958	50.000000000000	0.0000000000000
1524.0000000000	0.99380545461197	146.95122989769	50.000000000000	0.0000000000000
1526.0000000000	0.99382219970273	146.47679123229	50.000000000000	0.0000000000000
1528.0000000000	0.99383846183531	146.00414058729	50.000000000000	0.0000000000000
1530.0000000000	0.99385424601221	145.53324248139	50.000000000000	0.0000000000000
1532.0000000000	0.99386955689379	145.06406172214	50.000000000000	0.0000000000000
1534.0000000000	0.99388439880924	144.59656339994	50.000000000000	0.0000000000000
1536.0000000000	0.99389877576713	144.13071288203	50.000000000000	0.0000000000000
1538.0000000000	0.99391269146565	143.66647580653	50.000000000000	0.0000000000000
1540.0000000000	0.99392614930250	143.20381807638	50.000000000000	0.0000000000000
1542.0000000000	0.99393915238439	142.74270585334	50.000000000000	0.0000000000000
1544.0000000000	0.99395170353624	142.28310555195	50.000000000000	0.0000000000000
1546.0000000000	0.99396380531003	141.82498383346	50.000000000000	0.0000000000000
1548.0000000000	0.99397545999340	141.36830759985	50.000000000000	0.0000000000000
1550.0000000000	0.99398666961779	140.91304398771	50.000000000000	0.0000000000000
1552.0000000000	0.99399743596648	140.45916036224	50.000000000000	0.0000000000000
1554.0000000000	0.99400776058210	140.00662431114	50.000000000000	0.0000000000000
1556.0000000000	0.99401764477410	139.55540363864	50.000000000000	0.0000000000000
1558.0000000000	0.99402708962573	139.10546635934	50.000000000000	0.0000000000000
1560.0000000000	0.99403609600085	138.65678069224	50.000000000000	0.0000000000000
1562.0000000000	0.99404466455047	138.20931505460	50.000000000000	0.0000000000000
1564.0000000000	0.99405279571899	137.76303805597	50.000000000000	0.0000000000000
1566.0000000000	0.99406048975023	137.31791849203	50.000000000000	0.0000000000000
1568.0000000000	0.99406774669313	136.87392533863	50.000000000000	0.0000000000000
1570.0000000000	0.99407456640735	136.43102774566	50.000000000000	0.0000000000000
1572.0000000000	0.99408094856846	135.98919503098	50.000000000000	0.0000000000000
1574.0000000000	0.99408689267305	135.54839667444	50.000000000000	0.0000000000000
1576.0000000000	0.99409239804351	135.10860231170	50.000000000000	0.0000000000000
1578.0000000000	0.99409746383263	134.66978172827	50.000000000000	0.0000000000000
1580.0000000000	0.99410208902800	134.23190485337	50.000000000000	0.0000000000000
1582.0000000000	0.99410627245615	133.79494175386	50.000000000000	0.0000000000000
1584.0000000000	0.99411001278654	133.35886262821	50.000000000000	0.0000000000000
1586.0000000000	0.99411330853530	132.92363780036	50.000000000000	0.0000000000000
1588.0000000000	0.99411615806878	132.48923771366	50.000000000000	0.0000000000000
1590.0000000000	0.99411855960694	132.05563292478	50.000000000000	0.0000000000000
1592.0000000000	0.99412051122650	131.62279409758	50.000000000000	0.0000000000000
1594.0000000000	0.99412201086395	131.19069199699	50.000000000000	0.0000000000000
1596.0000000000	0.99412305631831	130.75929748293	50.000000000000	0.0000000000000
1598.0000000000	0.99412364525380	130.32858150411	50.000000000000	0.0000000000000
1600.0000000000	0.99412377502071	129.89851296844	50.000000000000	0.0000000000000
1602.0000000000	0.99412344320556	129.46906508081	50.000000000000	0.0000000000000
1604.0000000000	0.99412264708203	129.04020901986	50.000000000000	0.0000000000000
1606.0000000000	0.99412138379772	128.61191602833	50.000000000000	0.0000000000000
1608.0000000000	0.99411965037593	128.18415740686	50.000000000000	0.0000000000000
1610.0000000000	0.99411744371719	127.75690450777	50.000000000000	0.0000000000000
1612.0000000000	0.99411476060074	127.33012872872	50.000000000000	0.0000000000000
1614.0000000000	0.99411159768582	126.90380150652	50.000000000000	0.0000000000000
1616.0000000000	0.99410795151270	126.47789431073	50.000000000000	0.0000000000000
1618.0000000000	0.99410381850374	126.05237863736	50.000000000000	0.0000000000000
1620.0000000000	0.99409919496409	125.62722600249	50.000000000000	0.0000000000000
1622.0000000000	0.99409407708239	125.20240793584	50.000000000000	0.0000000000000
1624.0000000000	0.99408846093124	124.77789597435	50.000000000000	0.0000000000000
1626.0000000000	0.99408234246753	124.35366165570	50.000000000000	0.0000000000000
1628.0000000000	0.99407571753263	123.92967651175	50.000000000000	0.0000000000000
1630.0000000000	0.99406858185242	123.50591206204	50.000000000000	0.0000000000000
1632.0000000000	0.99406093103713	123.08233980714	50.000000000000	0.0000000000000
1634.0000000000	0.99405276058112	122.65893122201	50.000000000000	0.0000000000000
1636.0000000000	0.99404406586240	122.23565774929	50.000000000000	0.0000000000000
1638.0000000000	0.99403484214212	121.81249079259	50.000000000000	0.0000000000000
1640.0000000000	0.99402508456372	121.38940170960	50.000000000000	0.0000000000000
1642.0000000000	0.99401478815218	120.96636180533	50.000000000000	0.0000000000000
1644.0000000000	0.99400394781289	120.54334232509	50.000000000000	0.0000000000000
1646.0000000000	0.99399255833046	120.12031444756	50.000000000000	0.0000000000000
1648.0000000000	0.99398061436741	119.69724927773	50.000000000000	0.0000000000000
1650.0000000000	0.99396811046264	119.27411783975	50.000000000000	0.0000000000000
1652.0000000000	0.99395504102976	118.85089106979	50.000000000000	0.0000000000000
1654.0000000000	0.99394140035524	118.42753980871	50.000000000000	0.0000000000000
1656.0000000000	0.99392718259648	118.00403479476	50.000000000000	0.0000000000000
1658.0000000000	0.99391238177958	117.58034665615	50.000000000000	0.0000000000000
1660.0000000000	0.99389699179706	117.15644590351	50.000000000000	0.0000000000000
1662.0000000000	0.99388100640538	116.73230292232	50.000000000000	0.0000000000000
1664.0000000000	0.99386441922222	116.30788796518	50.000000000000	0.0000000000000
1666.0000000000	0.99384722372368	115.88317114407	50.000000000000	0.0000000000000
1668.0000000000	0.99382941324127	115.45812242244	50.000000000000	0.0000000000000
1670.0000000000	0.99381098095865	115.03271160719	50.000000000000	0.0000000000000
1672.0000000000	0.99379191990829	114.60690834064	50.000000000000	0.0000000000000
1674.0000000000	0.99377222296790	114.18068209224	50.000000000000	0.0000000000000
1676.0000000000	0.99375188285658	113.75400215031	50.000000000000	0.0000000000000
1678.0000000000	0.99373089213095	113.32683761355	50.000000000000	0.0000000000000
1680.0000000000	0.99370924318086	112.89915738252	50.000000000000	0.0000000000000
1682.0000000000	0.99368692822511	112.47093015088	50.000000000000	0.0000000000000
1684.0000000000	0.99366393930676	112.04212439660	50.000000000000	0.0000000000000
1686.0000000000	0.99364026828836	111.61270837300	50.000000000000	0.0000000000000
1688.0000000000	0.99361590684687	111.18265009960	50.000000000000	0.0000000000000
1690.0000000000	0.99359084646839	110.75191735289	50.000000000000	0.0000000000000
1692.0000000000	0.99356507844263	110.32047765687	50.000000000000	0.0000000000000
1694.0000000000	0.99353859385715	109.88829827357	50.000000000000	0.0000000000000
1696.0000000000	0.99351138359130	109.45534619320	50.000000000000	0.0000000000000
1698.0000000000	0.99348343830998	109.02158812434	50.000000000000	0.0000000000000
1700.0000000000	0.99345474845704	108.58699048380	50.000000000000	0.0000000000000
1702.0000000000	0.99342530424845	108.15151938637	50.000000000000	0.0000000000000
1704.0000000000	0.99339509566516	107.71514063440	50.000000000000	0.0000000000000
1706.0000000000	0.99336411244571	107.27781970713	50.000000000000	0.0000000000000
1708.0000000000	0.99333234407843	106.83952174984	50.000000000000	0.0000000000000
1710.0000000000	0.99329977979343	106.40021156283	50.000000000000	0.0000000000000
1712.0000000000	0.99326640855418	105.95985359016	50.000000000000	0.0000000000000
1714.0000000000	0.99323221904879	105.51841190813	50.000000000000	0.0000000000000
1716.0000000000	0.99319719968091	105.07585021361	50.000000000000	0.0000000000000
1718.0000000000	0.99316133856030	104.63213181210	50.000000000000	0.0000000000000
1720.0000000000	0.99312462349293	104.18721960552	50.000000000000	0.0000000000000
1722.0000000000	0.99308704197080	103.74107607980	50.000000000000	0.0000000000000
1724.0000000000	0.99304858116129	103.29366329218	50.000000000000	0.0000000000000
1726.0000000000	0.99300922789602	102.84494285826	50.000000000000	0.0000000000000
1728.0000000000	0.99296896865941	102.39487593878	50.000000000000	0.0000000000000
1730.0000000000	0.99292778957666	101.94342322609	50.000000000000	0.0000000000000
1732.0000000000	0.99288567640129	101.49054493037	50.000000000000	0.0000000000000
1734.0000000000	0.99284261450219	101.03620076549	50.000000000000	0.0000000000000
1736.0000000000	0.99279858885015	100.58034993465	50.000000000000	0.0000000000000
1738.0000000000	0.99275358400384	100.12295111562	50.000000000000	0.0000000000000
1740.0000000000	0.99270758409524	99.663962445680	50.000000000000	0.0000000000000
1742.0000000000	0.99266057281449	99.203341506216	50.000000000000	0.0000000000000
1744.0000000000	0.99261253339413	98.741045306989	50.000000000000	0.0000000000000
1746.0000000000	0.99256344859268	98.277030270012	50.000000000000	0.0000000000000
1748.0000000000	0.99251330067765	97.811252213070	50.000000000000	0.0000000000000
1750.0000000000	0.99246207140772	97.343666332857	50.000000000000	0.0000000000000
1752.0000000000	0.99240974201438	96.874227187720	50.000000000000	0.0000000000000
1754.0000000000	0.99235629318267	96.402888679985	50.000000000000	0.0000000000000
1756.0000000000	0.99230170503124	95.929604037880	50.000000000000	0.0000000000000
1758.0000000000	0.99224595704831	95.454322437185	50.000000000000	0.0000000000000
1760.0000000000	0.99218902820680	94.976999056638	50.000000000000	0.0000000000000
1762.0000000000	0.99213089679832	94.497584989937	50.000000000000	0.0000000000000
1764.0000000000	0.99207154045976	94.016030579895	50.000000000000	0.0000000000000
1766.0000000000	0.99201093614898	93.532285398064	50.000000000000	0.0000000000000
1768.0000000000	0.99194906011936	93.046298223853	50.000000000000	0.0000000000000
1770.0000000000	0.99188588789345	92.558017023131	50.000000000000	0.0000000000000
1772.0000000000	0.99182139423542	92.067388926296	50.000000000000	0.0000000000000
1774.0000000000	0.99175555312247	91.574360205801	50.000000000000	0.0000000000000
1776.0000000000	0.99168833771493	91.078876253107	50.000000000000	0.0000000000000
1778.0000000000	0.99161972032528	90.580881555066	50.000000000000	0.0000000000000
1780.0000000000	0.99154967238572	90.080319669696	50.000000000000	0.0000000000000
1782.0000000000	0.99147816441447	89.577133201345	50.000000000000	0.0000000000000
1784.0000000000	0.99140516598066	89.071263775215	50.000000000000	0.0000000000000
1786.0000000000	0.99133064566770	88.562652011240	50.000000000000	0.0000000000000
1788.0000000000	0.99125457103514	88.051237497284	50.000000000000	0.0000000000000
1790.0000000000	0.99117690857886	87.536958761652	50.000000000000	0.0000000000000
1792.0000000000	0.99109762368964	87.019753244882	50.000000000000	0.0000000000000
1794.0000000000	0.99101668060994	86.499557270810	50.000000000000	0.0000000000000
1796.0000000000	0.99093404238876	85.976306016872	50.000000000000	0.0000000000000
1798.0000000000	0.99084967083469	85.449933483631	50.000000000000	0.0000000000000
1800.0000000000	0.99076352646681	84.920372463512	50.000000000000	0.0000000000000
1802.0000000000	0.99067556846358	84.387554508695	50.000000000000	0.0000000000000
1804.0000000000	0.99058575460941	83.851409898183	50.000000000000	0.0000000000000
1806.0000000000	0.99049404123899	83.311867603979	50.000000000000	0.0000000000000
1808.0000000000	0.99040038317915	82.768855256377	50.000000000000	0.0000000000000
1810.0000000000	0.99030473368819	82.222299108327	50.000000000000	0.0000000000000
1812.0000000000	0.99020704439249	81.672123998854	50.000000000000	0.0000000000000
1814.0000000000	0.99010726522044	81.118253315497	50.000000000000	0.0000000000000
1816.0000000000	0.99000534433334	80.560608955746	50.000000000000	0.0000000000000
1818.0000000000	0.98990122805326	79.999111287451	50.000000000000	0.0000000000000
1820.0000000000	0.98979486078774	79.433679108166	50.000000000000	0.0000000000000
1822.0000000000	0.98968618495107	78.864229603405	50.000000000000	0.0000000000000
1824.0000000000	0.98957514088206	78.290678303781	50.000000000000	0.0000000000000
1826.0000000000	0.98946166675812	77.712939040988	50.000000000000	0.0000000000000
1828.0000000000	0.98934569850549	77.130923902605	50.000000000000	0.0000000000000
1830.0000000000	0.98922716970536	76.544543185687	50.000000000000	0.0000000000000
1832.0000000000	0.98910601149577	75.953705349105	50.000000000000	0.0000000000000
1834.0000000000	0.98898215246902	75.358316964609	50.000000000000	0.0000000000000
1836.0000000000	0.98885551856442	74.758282666576	50.000000000000	0.0000000000000
1838.0000000000	0.98872603295618	74.153505100410	50.000000000000	0.0000000000000
1840.0000000000	0.98859361593598	73.543884869553	50.000000000000	0.0000000000000
1842.0000000000	0.98845818479038	72.929320481089	50.000000000000	0.0000000000000
1844.0000000000	0.98831965367237	72.309708289879	50.000000000000	0.0000000000000
1846.0000000000	0.98817793346706	71.684942441213	50.000000000000	0.0000000000000
1848.0000000000	0.98803293165113	71.054914811928	50.000000000000	0.0000000000000
1850.0000000000	0.98788455214576	70.419514949962	50.000000000000	0.0000000000000
1852.0000000000	0.98773269516260	69.778630012302	50.000000000000	0.0000000000000
1854.0000000000	0.98757725704267	69.132144701287	50.000000000000	0.0000000000000
1856.0000000000	0.98741813008760	68.479941199237	50.000000000000	0.0000000000000
1858.0000000000	0.98725520238300	67.821899101350	50.000000000000	0.0000000000000
1860.0000000000	0.98708835761342	67.157895346845	50.000000000000	0.0000000000000
1862.0000000000	0.98691747486867	66.487804148309	50.000000000000	0.0000000000000
1864.0000000000	0.98674242844092	65.811496919199	50.000000000000	0.0000000000000
1866.0000000000	0.98656308761214	65.128842199469	50.000000000000	0.0000000000000
1868.0000000000	0.98637931643151	64.439705579281	50.000000000000	0.0000000000000
1870.0000000000	0.98619097348213	63.743949620752	50.000000000000	0.0000000000000
1872.0000000000	0.98599791163667	63.041433777717	50.000000000000	0.0000000000000
1874.0000000000	0.98579997780127	62.332014313443	50.000000000000	0.0000000000000
1876.0000000000	0.98559701264722	61.615544216279	50.000000000000	0.0000000000000
1878.0000000000	0.98538885032970	60.891873113195	50.000000000000	0.0000000000000
1880.0000000000	0.98517531819302	60.160847181159	50.000000000000	0.0000000000000
1882.0000000000	0.98495623646167	59.422309056344	50.000000000000	0.0000000000000
1884.0000000000	0.98473141791644	58.676097741100	50.000000000000	0.0000000000000
1886.0000000000	0.98450066755489	57.922048508673	50.000000000000	0.0000000000000
1888.0000000000	0.98426378223540	57.159992805626	50.000000000000	0.0000000000000
1890.0000000000	0.98402055030399	56.389758151934	50.000000000000	0.0000000000000
1892.0000000000	0.98377075120298	55.611168038719	50.000000000000	0.0000000000000
1894.0000000000	0.98351415506066	54.824041823591	50.000000000000	0.0000000000000
1896.0000000000	0.98325052226109	54.028194623559	50.000000000000	0.0000000000000
1898.0000000000	0.98297960299281	53.223437205491	50.000000000000	0.0000000000000
1900.0000000000	0.98270113677564	52.409575874086	50.000000000000	0.0000000000000
1902.0000000000	0.98241485196444	51.586412357334	50.000000000000	0.0000000000000
1904.0000000000	0.98212046522854	50.753743689421	50.000000000000	0.0000000000000
1906.0000000000	0.98181768100579	49.911362091076	50.000000000000	0.0000000000000
1908.0000000000	0.98150619092991	49.059054847303	50.000000000000	0.0000000000000
1910.0000000000	0.98118567322979	48.196604182492	50.000000000000	0.0000000000000
1912.0000000000	0.98085579209938	47.323787132856	50.000000000000	0.0000000000000
1914.0000000000	0.98051619703661	46.440375416186	50.000000000000	0.0000000000000
1916.0000000000	0.98016652214997	45.546135298870	50.000000000000	0.0000000000000
1918.0000000000	0.97980638543092	44.640827460143	50.000000000000	0.0000000000000
1920.0000000000	0.97943538799054	43.724206853528	50.000000000000	0.0000000000000
1922.0000000000	0.97905311325863	42.796022565415	50.000000000000	0.0000000000000
1924.0000000000	0.97865912614318	41.856017670715	50.000000000000	0.0000000000000
1926.0000000000	0.97825297214846	40.903929085527	50.000000000000	0.0000000000000
1928.0000000000	0.97783417644932	39.939487416734	50.000000000000	0.0000000000000
1930.0000000000	0.97740224291966	38.962416808422	50.000000000000	0.0000000000000
1932.0000000000	0.97695665311250	37.972434785014	50.000000000000	0.0000000000000
1934.0000000000	0.97649686518921	36.969252090962	50.000000000000	0.0000000000000
1936.0000000000	0.97602231279509	35.952572526838	50.000000000000	0.0000000000000
1938.0000000000	0.97553240387839	34.922092781605	50.000000000000	0.0000000000000
1940.0000000000	0.97502651944973	33.877502260815	50.000000000000	0.0000000000000
1942.0000000000	0.97450401227838	32.818482910434	50.000000000000	0.0000000000000
1944.0000000000	0.97396420552191	31.744709035932	50.000000000000	0.0000000000000
1946.0000000000	0.97340639128516	30.655847116189	50.000000000000	0.0000000000000
1948.0000000000	0.97282982910433	29.551555611706	50.000000000000	0.0000000000000
1950.0000000000	0.97223374435139	28.431484766475	50.000000000000	0.0000000000000
1952.0000000000	0.97161732655373	27.295276402793	50.000000000000	0.0000000000000
1954.0000000000	0.97097972762338	26.142563708098	50.000000000000	0.0000000000000
1956.0000000000	0.97032005998946	24.972971012791	50.000000000000	0.0000000000000
1958.0000000000	0.96963739462688	23.786113557803	50.000000000000	0.0000000000000
1960.0000000000	0.96893075897355	22.581597250407	50.000000000000	0.0000000000000
1962.0000000000	0.96819913472725	21.359018406554	50.000000000000	0.0000000000000
1964.0000000000	0.96744145551226	20.117963477662	50.000000000000	0.0000000000000
1966.0000000000	0.96665660440457	18.858008759441	50.000000000000	0.0000000000000
1968.0000000000	0.96584341130299	17.578720079917	50.000000000000	0.0000000000000
1970.0000000000	0.96500065013147	16.279652463291	50.000000000000	0.0000000000000
1972.0000000000	0.96412703585605	14.960349765726	50.000000000000	0.0000000000000
1974.0000000000	0.96322122129717	13.620344278460	50.000000000000	0.0000000000000
1976.0000000000	0.96228179371526	12.259156292841	50.000000000000	0.0000000000000
1978.0000000000	0.96130727114380	10.876293620994	50.000000000000	0.0000000000000
1980.0000000000	0.96029609844024	9.4712510647212	50.000000000000	0.0000000000000
1982.0000000000	0.95924664301977	8.0435098239941	50.000000000000	0.0000000000000
1984.0000000000	0.95815719023171	6.5925368349497	50.000000000000	0.0000000000000
1986.0000000000	0.95702593833071	5.1177840255513	50.000000000000	0.0000000000000
1988.0000000000	0.95585099298741	3.6186874751037	50.000000000000	0.0000000000000
1990.0000000000	0.95463036127280	2.0946664614442	50.000000000000	0.0000000000000
1992.0000000000	0.95336194503929	0.54512237688164	50.000000000000	0.0000000000000
1994.0000000000	0.95204353360753	-1.0305625092855	50.000000000000	0.0000000000000
1996.0000000000	0.95067279729799	-2.6330263773360	50.000000000000	0.0000000000000
1998.0000000000	0.94924727353231	-4.2629296431479	50.000000000000	0.0000000000000
2000.0000000000	0.94776436147474	-5.9209567804435	50.000000000000	0.0000000000000
2002.0000000000	0.94622130908410	-7.6078184622341	50.000000000000	0.0000000000000
2004.0000000000	0.94461520025074	-9.3242540582302	50.000000000000	0.0000000000000
2006.0000000000	0.94294294020101	-11.071034527943	50.000000000000	0.0000000000000
2008.0000000000	0.94120123886236	-12.848965778532	50.000000000000	0.0000000000000
2010.0000000000	0.93938659182059	-14.658892569163	50.000000000000	0.0000000000000
2012.0000000000	0.93749525842611	-16.501703058963	50.000000000000	0.0000000000000
2014.0000000000	0.93552323651469	-18.378334114103	50.000000000000	0.0000000000000
2016.0000000000	0.93346623309618	-20.289777511932	50.000000000000	0.0000000000000
2018.0000000000	0.93131963022657	-22.237087207307	50.000000000000	0.0000000000000
2020.0000000000	0.92907844510840	-24.221387859565	50.000000000000	0.0000000000000
2022.0000000000	0.92673728325239	-26.243884859437	50.000000000000	0.0000000000000
2024.0000000000	0.92429028326903	-28.305876145711	50.000000000000	0.0000000000000
2026.0000000000	0.92173105152731	-30.408766164021	50.000000000000	0.0000000000000
2028.0000000000	0.91905258449989	-32.554082398314	50.000000000000	0.0000000000000
2030.0000000000	0.91624717608427	-34.743495003558	50.000000000000	0.0000000000000
2032.0000000000	0.91330630651443	-36.978840192088	50.000000000000	0.0000000000000
2034.0000000000	0.91022050861112	-39.262148183257	50.000000000000	0.0000000000000
2036.0000000000	0.90697920600105	-41.595676727301	50.000000000000	0.0000000000000
2038.0000000000	0.90357051648263	-43.981951473464	50.000000000000	0.0000000000000
2040.0000000000	0.89998101239742	-46.423814418141	50.000000000000	0.0000000000000
2042.0000000000	0.89619542385822	-48.924484301850	50.000000000000	0.0000000000000
2044.0000000000	0.89219627615168	-51.487627997173	50.000000000000	0.0000000000000
2046.0000000000	0.88796343644289	-54.117449804886	50.000000000000	0.0000000000000
2048.0000000000	0.88347354774564	-56.818801359594	50.000000000000	0.0000000000000
2050.0000000000	0.87869931645422	-59.597318314373	50.000000000000	0.0000000000000
2052.0000000000	0.87360860918175	-62.459591549804	50.000000000000	0.0000000000000
2054.0000000000	0.86816329926996	-65.413383301245	50.000000000000	0.0000000000000
2056.0000000000	0.86231778193049	-68.467902302404	50.000000000000	0.0000000000000
2058.0000000000	0.85601704695713	-71.634157287862	50.000000000000	0.0000000000000
2060.0000000000	0.84919415554066	-74.925415720092	50.000000000000	0.0000000000000
2062.0000000000	0.84176690745067	-78.357805550054	50.000000000000	0.0000000000000
2064.0000000000	0.83363339883994	-81.951113982182	50.000000000000	0.0000000000000
2066.0000000000	0.82466604807042	-85.729861476527	50.000000000000	0.0000000000000
2068.0000000000	0.81470349229162	-89.724766296174	50.000000000000	0.0000000000000
2070.0000000000	0.80353951286081	-93.974772677162	50.000000000000	0.0000000000000
2072.0000000000	0.79090781689414	-98.529907662440	50.000000000000	0.0000000000000
2074.0000000000	0.77646108989242	-103.45538157677	50.000000000000	0.0000000000000
2076.0000000000	0.75974232349364	-108.83759821585	50.000000000000	0.0000000000000
2078.0000000000	0.74014633918841	-114.79317434977	50.000000000000	0.0000000000000
2080.0000000000	0.71687069990758	-121.48284280259	50.000000000000	0.0000000000000
2082.0000000000	0.68886081285312	-129.13355593097	50.000000000000	0.0000000000000
2084.0000000000	0.65477224869269	-138.07488754597	50.000000000000	0.0000000000000
2086.0000000000	0.61302643553947	-148.80137170388	50.000000000000	0.0000000000000
2088.0000000000	0.56218031455749	-162.08291126068	50.000000000000	0.0000000000000
2090.0000000000	0.50218876720186	-179.15772194041	50.000000000000	0.0000000000000
2092.0000000000	0.43782684066325	158.01419685882	50.000000000000	0.0000000000000
2094.0000000000	0.38543164629424	127.08072135199	50.000000000000	0.0000000000000
2096.0000000000	0.37502474140990	88.792025271332	50.000000000000	0.0000000000000
2098.0000000000	0.42260013672971	51.059066183062	50.000000000000	0.0000000000000
2100.0000000000	0.50424199335609	20.424337152094	50.000000000000	0.0000000000000
2102.0000000000	0.58715550833994	-3.1860390128848	50.000000000000	0.0000000000000
2104.0000000000	0.65471562647252	-21.631967226277	50.000000000000	0.0000000000000
2106.0000000000	0.70388126571774	-36.388694304413	50.000000000000	0.0000000000000
2108.0000000000	0.73741031835618	-48.474880655882	50.000000000000	0.0000000000000
2110.0000000000	0.75923039598177	-58.602318558164	50.000000000000	0.0000000000000
2112.0000000000	0.77271789981590	-67.275260660355	50.000000000000	0.0000000000000
2114.0000000000	0.78036582332515	-74.853916956764	50.000000000000	0.0000000000000
2116.0000000000	0.78390829456974	-81.597872902926	50.000000000000	0.0000000000000
2118.0000000000	0.78452535465812	-87.696296595736	50.000000000000	0.0000000000000
2120.0000000000	0.78301632472558	-93.288861437876	50.000000000000	0.0000000000000
2122.0000000000	0.77992446271467	-98.480179378205	50.000000000000	0.0000000000000
2124.0000000000	0.77562132281373	-103.34976763982	50.000000000000	0.0000000000000
2126.0000000000	0.77036259055272	-107.95897306709	50.000000000000	0.0000000000000
2128.0000000000	0.76432486700160	-112.35582840957	50.000000000000	0.0000000000000
2130.0000000000	0.75762999863343	-116.57849760835	50.000000000000	0.0000000000000
2132.0000000000	0.75036130111479	-120.65775118738	50.000000000000	0.0000000000000
2134.0000000000	0.74257448423547	-124.61876853935	50.000000000000	0.0000000000000
2136.0000000000	0.73430508101611	-128.48246810617	50.000000000000	0.0000000000000
2138.0000000000	0.72557354204921	-132.26650282683	50.000000000000	0.0000000000000
2140.0000000000	0.71638874726219	-135.98601572952	50.000000000000	0.0000000000000
2142.0000000000	0.70675042565375	-139.65422191190	50.000000000000	0.0000000000000
2144.0000000000	0.69665080435002	-143.28286362917	50.000000000000	0.0000000000000
2146.0000000000	0.68607569716074	-146.88257166794	50.000000000000	0.0000000000000
2148.0000000000	0.67500516818576	-150.46315653269	50.000000000000	0.0000000000000
2150.0000000000	0.66341385452915	-154.03384574198	50.000000000000	0.0000000000000
2152.0000000000	0.65127099565030	-157.60347759410	50.000000000000	0.0000000000000
2154.0000000000	0.63854019090235	-161.18065609378	50.000000000000	0.0000000000000
2156.0000000000	0.62517889042204	-164.77386518738	50.000000000000	0.0000000000000
2158.0000000000	0.61113762133310	-168.39153150046	50.000000000000	0.0000000000000
2160.0000000000	0.59635897257545	-172.04201114287	50.000000000000	0.0000000000000
2162.0000000000	0.58077643366615	-175.73345445302	50.000000000000	0.0000000000000
2164.0000000000	0.56431335950472	-179.47346809542	50.000000000000	0.0000000000000
2166.0000000000	0.54688271988244	176.73155830974	50.000000000000	0.0000000000000
2168.0000000000	0.52838907409761	172.87766399880	50.000000000000	0.0000000000000
2170.0000000000	0.50873566139924	168.96533627262	50.000000000000	0.0000000000000
2172.0000000000	0.48784183991489	165.00257673860	50.000000000000	0.0000000000000
2174.0000000000	0.46567886609025	161.00887026925	50.000000000000	0.0000000000000
2176.0000000000	0.44233215966781	157.01862527500	50.000000000000	0.0000000000000
2178.0000000000	0.41808705809839	153.07981070239	50.000000000000	0.0000000000000
2180.0000000000	0.39349943794924	149.23989124886	50.000000000000	0.0000000000000
2182.0000000000	0.36935807973561	145.51254151993	50.000000000000	0.0000000000000
2184.0000000000	0.34644665525548	141.83519356138	50.000000000000	0.0000000000000
2186.0000000000	0.32517697006167	138.05315469616	50.000000000000	0.0000000000000
2188.0000000000	0.30538400763330	133.95886127361	50.000000000000	0.0000000000000
2190.0000000000	0.28649048409706	129.35827726295	50.000000000000	0.0000000000000
2192.0000000000	0.26788310246700	124.10556662606	50.000000000000	0.0000000000000
2194.0000000000	0.24920019854321	118.08825603706	50.000000000000	0.0000000000000
2196.0000000000	0.23042598262839	111.19010037701	50.000000000000	0.0000000000000
2198.0000000000	0.21187168473430	103.26004399862	50.000000000000	0.0000000000000
2200.0000000000	0.19414166255548	94.101177618768	50.000000000000	0.0000000000000
2202.0000000000	0.17812306481090	83.492565214311	50.000000000000	0.0000000000000
2204.0000000000	0.16497648153136	71.268526605997	50.000000000000	0.0000000000000
2206.0000000000	0.15604999930437	57.477124933505	50.000000000000	0.0000000000000
2208.0000000000	0.15261634861070	42.565284379536	50.000000000000	0.0000000000000
2210.0000000000	0.15544692851401	27.395564536641	50.000000000000	0.0000000000000
2212.0000000000	0.16449120282765	12.939893502772	50.000000000000	0.0000000000000
2214.0000000000	0.17895652117280	-0.13066799974064	50.000000000000	0.0000000000000
2216.0000000000	0.19769695480050	-11.593146094428	50.000000000000	0.0000000000000
2218.0000000000	0.21957574951968	-21.543429139151	50.000000000000	0.0000000000000
2220.0000000000	0.24363846250850	-30.210548099262	50.000000000000	0.0000000000000
2222.0000000000	0.26914112922069	-37.839028452027	50.000000000000	0.0000000000000
2224.0000000000	0.29551843693795	-44.640686778421	50.000000000000	0.0000000000000
2226.0000000000	0.32234113059185	-50.784070635200	50.000000000000	0.0000000000000
2228.0000000000	0.34928008539166	-56.398548392139	50.000000000000	0.0000000000000
2230.0000000000	0.37607997383428	-61.582144028332	50.000000000000	0.0000000000000
2232.0000000000	0.40254092662045	-66.409057016986	50.000000000000	0.0000000000000
2234.0000000000	0.42850590059619	-70.935757436983	50.000000000000	0.0000000000000
2236.0000000000	0.45385187193065	-75.205611892383	50.000000000000	0.0000000000000
2238.0000000000	0.47848352456146	-79.252298755202	50.000000000000	0.0000000000000
2240.0000000000	0.50232855247902	-83.102303754898	50.000000000000	0.0000000000000
2242.0000000000	0.52533401077886	-86.776740371138	50.000000000000	0.0000000000000
2244.0000000000	0.54746336082765	-90.292681074810	50.000000000000	0.0000000000000
2246.0000000000	0.56869399071223	-93.664135314938	50.000000000000	0.0000000000000
2248.0000000000	0.58901507803910	-96.902771874728	50.000000000000	0.0000000000000
2250.0000000000	0.60842571539263	-100.01845539346	50.000000000000	0.0000000000000
2252.0000000000	0.62693325092577	-103.01964703171	50.000000000000	0.0000000000000
2254.0000000000	0.64455181530074	-105.91370523698	50.000000000000	0.0000000000000
2256.0000000000	0.66130101655258	-108.70711264291	50.000000000000	0.0000000000000
2258.0000000000	0.67720478971071	-111.40564807827	50.000000000000	0.0000000000000
2260.0000000000	0.69229039032321	-114.01451760994	50.000000000000	0.0000000000000
2262.0000000000	0.70658752063145	-116.53845435363	50.000000000000	0.0000000000000
2264.0000000000	0.72012758376469	-118.98179743811	50.000000000000	0.0000000000000
2266.0000000000	0.73294304476349	-121.34855023409	50.000000000000	0.0000000000000
2268.0000000000	0.74506689838867	-123.64242773956	50.000000000000	0.0000000000000
2270.0000000000	0.75653222797284	-125.86689346408	50.000000000000	0.0000000000000
2272.0000000000	0.76737184587421	-128.02518878749	50.000000000000	0.0000000000000
2274.0000000000	0.77761800549382	-130.12035659902	50.000000000000	0.0000000000000
2276.0000000000	0.78730217538023	-132.15526057760	50.000000000000	0.0000000000000
2278.0000000000	0.79645486663199	-134.13260113875	50.000000000000	0.0000000000000
2280.0000000000	0.80510550557293	-136.05492882108	50.000000000000	0.0000000000000
2282.0000000000	0.81328234447664	-137.92465569462	50.000000000000	0.0000000000000
2284.0000000000	0.82101240392042	-139.74406522996	50.000000000000	0.0000000000000
2286.0000000000	0.82832144112945	-141.51532095873	50.000000000000	0.0000000000000
2288.0000000000	0.83523393940999	-143.24047417442	50.000000000000	0.0000000000000
2290.0000000000	0.84177311445397	-144.92147086146	50.000000000000	0.0000000000000
2292.0000000000	0.84796093391918	-146.56015799415	50.000000000000	0.0000000000000
2294.0000000000	0.85381814724704	-148.15828931296	50.000000000000	0.0000000000000
2296.0000000000	0.85936432317342	-149.71753065941	50.000000000000	0.0000000000000
2298.0000000000	0.86461789282026	-151.23946493211	50.000000000000	0.0000000000000
2300.0000000000	0.86959619663036	-152.72559671176	50.000000000000	0.0000000000000
2302.0000000000	0.87431553372927	-154.17735659243	50.000000000000	0.0000000000000
2304.0000000000	0.87879121257296	-155.59610524871	50.000000000000	0.0000000000000
2306.0000000000	0.88303760197118	-156.98313726228	50.000000000000	0.0000000000000
2308.0000000000	0.88706818177179	-158.33968472721	50.000000000000	0.0000000000000
2310.0000000000	0.89089559265307	-159.66692065013	50.000000000000	0.0000000000000
2312.0000000000	0.89453168460575	-160.96596215912	50.000000000000	0.0000000000000
2314.0000000000	0.89798756379649	-162.23787353318	50.000000000000	0.0000000000000
2316.0000000000	0.90127363759512	-163.48366906305	50.000000000000	0.0000000000000
2318.0000000000	0.90439965762018	-164.70431575299	50.000000000000	0.0000000000000
2320.0000000000	0.90737476071620	-165.90073587244	50.000000000000	0.0000000000000
2322.0000000000	0.91020750782219	-167.07380936570	50.000000000000	0.0000000000000
2324.0000000000	0.91290592072746	-168.22437612750	50.000000000000	0.0000000000000
2326.0000000000	0.91547751673856	-169.35323815167	50.000000000000	0.0000000000000
2328.0000000000	0.91792934130288	-170.46116155982	50.000000000000	0.0000000000000
2330.0000000000	0.92026799864983	-171.54887851676	50.000000000000	0.0000000000000
2332.0000000000	0.92249968052206	-172.61708903871	50.000000000000	0.0000000000000
2334.0000000000	0.92463019244038	-173.66646264460	50.000000000000	0.0000000000000
2336.0000000000	0.92666498079875	-174.69764015394	50.000000000000	0.0000000000000
2338.0000000000	0.92860915439056	-175.71123500416	50.000000000000	0.0000000000000
2340.0000000000	0.93046750700392	-176.70783476244	50.000000000000	0.0000000000000
2342.0000000000	0.93224453786525	-177.68800248334	50.000000000000	0.0000000000000
2344.0000000000	0.93394447068454	-178.65227799148	50.000000000000	0.0000000000000
2346.0000000000	0.93557127138459	-179.60117909369	50.000000000000	0.0000000000000
2348.0000000000	0.93712866459356	179.46479727477	50.000000000000	0.0000000000000
2350.0000000000	0.93862014897607	178.54517396614	50.000000000000	0.0000000000000
2352.0000000000	0.94004901147434	177.63949259412	50.000000000000	0.0000000000000
2354.0000000000	0.94141834052652	176.74731256211	50.000000000000	0.0000000000000
2356.0000000000	0.94273103832492	175.86821014230	50.000000000000	0.0000000000000
2358.0000000000	0.94398983217248	175.00177760205	50.000000000000	0.0000000000000
2360.0000000000	0.94519728499130	174.14762237435	50.000000000000	0.0000000000000
2362.0000000000	0.94635580503235	173.30536626918	50.000000000000	0.0000000000000
2364.0000000000	0.94746765483113	172.47464472274	50.000000000000	0.0000000000000
2366.0000000000	0.94853495944919	171.65510608160	50.000000000000	0.0000000000000
2368.0000000000	0.94955971403678	170.84641091889	50.000000000000	0.0000000000000
2370.0000000000	0.95054379074703	170.04823137972	50.000000000000	0.0000000000000
2372.0000000000	0.95148894502705	169.26025055303	50.000000000000	0.0000000000000
2374.0000000000	0.95239682130598	168.48216186709	50.000000000000	0.0000000000000
2376.0000000000	0.95326895809437	167.71366850585	50.000000000000	0.0000000000000
2378.0000000000	0.95410679214811	166.95448273813	50.000000000000	0.0000000000000
2380.0000000000	0.95491166348718	166.20432567077	50.000000000000	0.0000000000000
2382.0000000000	0.95568481765584	165.46292641846	50.000000000000	0.0000000000000
2384.0000000000	0.95642740884598	164.73002166697	50.000000000000	0.0000000000000
2386.0000000000	0.95714050202440	164.00535514861	50.000000000000	0.0000000000000
2388.0000000000	0.95782507439593	163.28867711910	50.000000000000	0.0000000000000
2390.0000000000	0.95848201615037	162.57974383177	50.000000000000	0.0000000000000
2392.0000000000	0.95911213042253	161.87831700428	50.000000000000	0.0000000000000
2394.0000000000	0.95971613237367	161.18416327274	50.000000000000	0.0000000000000
2396.0000000000	0.96029464727440	160.49705362696	50.000000000000	0.0000000000000
2398.0000000000	0.96084820743545	159.81676282006	50.000000000000	0.0000000000000
2400.0000000000	0.96137724778897	159.14306874410	50.000000000000	0.0000000000000
2402.0000000000	0.96188209986722	158.47575176225	50.000000000000	0.0000000000000
2404.0000000000	0.96236298385401	157.81459398619	50.000000000000	0.0000000000000
2406.0000000000	0.96281999829072	157.15937848514	50.000000000000	0.0000000000000
2408.0000000000	0.96325310689600	156.50988841051	50.000000000000	0.0000000000000
2410.0000000000	0.96366212179651	155.86590601684	50.000000000000	0.0000000000000
2412.0000000000	0.96404668224924	155.22721155566	50.000000000000	0.0000000000000
2414.0000000000	0.96440622764477	154.59358201459	50.000000000000	0.0000000000000
2416.0000000000	0.96473996318449	153.96478966796	50.000000000000	0.0000000000000
2418.0000000000	0.96504681608105	153.34060039919	50.000000000000	0.0000000000000
2420.0000000000	0.96532537937700	152.72077174784	50.000000000000	0.0000000000000
2422.0000000000	0.96557383941993	152.10505062675	50.000000000000	0.0000000000000
2424.0000000000	0.96578988153426	151.49317064828	50.000000000000	0.0000000000000
2426.0000000000	0.96597056628194	150.88484899555	50.000000000000	0.0000000000000
2428.0000000000	0.96611216558658	150.27978277980	50.000000000000	0.0000000000000
2430.0000000000	0.96620994341169	149.67764484855	50.000000000000	0.0000000000000
2432.0000000000	0.96625785885615	149.07807907046	50.000000000000	0.0000000000000
2434.0000000000	0.96624815922247	148.48069526013	50.000000000000	0.0000000000000
2436.0000000000	0.96617081484400	147.88506419384	50.000000000000	0.0000000000000
2438.0000000000	0.96601272302085	147.29071375587	50.000000000000	0.0000000000000
2440.0000000000	0.96575657011791	146.69712844853	50.000000000000	0.0000000000000
2442.0000000000	0.96537918037303	146.10375692187	50.000000000000	0.0000000000000
2444.0000000000	0.96484908422074	145.51003715388	50.000000000000	0.0000000000000
2446.0000000000	0.96412288923221	144.91545928089	50.000000000000	0.0000000000000
2448.0000000000	0.96313981220255	144.31970786551	50.000000000000	0.0000000000000
2450.0000000000	0.96181343578797	143.72297460031	50.000000000000	0.0000000000000
2452.0000000000	0.96001951636467	143.12663406348	50.000000000000	0.0000000000000
2454.0000000000	0.95757918624001	142.53471289674	50.000000000000	0.0000000000000
2456.0000000000	0.95424087052698	141.95707939576	50.000000000000	0.0000000000000
2458.0000000000	0.94968137960134	141.41621927531	50.000000000000	0.0000000000000
2460.0000000000	0.94360653337274	140.96033001776	50.000000000000	0.0000000000000
2462.0000000000	0.93618971572221	140.68084300185	50.000000000000	0.0000000000000
2464.0000000000	0.92921135305561	140.69984062535	50.000000000000	0.0000000000000
2466.0000000000	0.92702096065856	141.02568427089	50.000000000000	0.0000000000000
2468.0000000000	0.93313362271883	141.34661508935	50.000000000000	0.0000000000000
2470.0000000000	0.94452152504244	141.28963207665	50.000000000000	0.0000000000000
2472.0000000000	0.95544833682557	140.84780833248	50.000000000000	0.0000000000000
2474.0000000000	0.96349120872215	140.21229275843	50.000000000000	0.0000000000000
2476.0000000000	0.96886627057763	139.52218365409	50.000000000000	0.0000000000000
2478.0000000000	0.97239318488523	138.83742418118	50.000000000000	0.0000000000000
2480.0000000000	0.97474257895555	138.17666644493	50.000000000000	0.0000000000000
2482.0000000000	0.97635236818192	137.54256725461	50.000000000000	0.0000000000000
2484.0000000000	0.97749206967741	136.93265482169	50.000000000000	0.0000000000000
2486.0000000000	0.97832656068980	136.34332621942	50.000000000000	0.0000000000000
2488.0000000000	0.97895809754899	135.77116304494	50.000000000000	0.0000000000000
2490.0000000000	0.97945143271918	135.21327439142	50.000000000000	0.0000000000000
2492.0000000000	0.97984850998780	134.66731525892	50.000000000000	0.0000000000000
2494.0000000000	0.98017711070516	134.13140965750	50.000000000000	0.0000000000000
2496.0000000000	0.98045602548169	133.60405898042	50.000000000000	0.0000000000000
2498.0000000000	0.98069821165563	133.08406053128	50.000000000000	0.0000000000000
2500.0000000000	0.98091276294849	132.57044160972	50.000000000000	0.0000000000000
2502.0000000000	0.98110616441703	132.06240818701	50.000000000000	0.0000000000000
2504.0000000000	0.98128310830993	131.55930555402	50.000000000000	0.0000000000000
2506.0000000000	0.98144703457495	131.06058828467	50.000000000000	0.0000000000000
2508.0000000000	0.98160049528482	130.56579728258	50.000000000000	0.0000000000000
2510.0000000000	0.98174540436396	130.07454216617	50.000000000000	0.0000000000000
2512.0000000000	0.98188321129896	129.58648767001	50.000000000000	0.0000000000000
2514.0000000000	0.98201502365244	129.10134307526	50.000000000000	0.0000000000000
2516.0000000000	0.98214169457701	128.61885393477	50.000000000000	0.0000000000000
2518.0000000000	0.98226388606711	128.13879554696	50.000000000000	0.0000000000000
2520.0000000000	0.98238211517410	127.66096777095	50.000000000000	0.0000000000000
2522.0000000000	0.98249678811389	127.18519087764	50.000000000000	0.0000000000000
2524.0000000000	0.98260822567390	126.71130220629	50.000000000000	0.0000000000000
2526.0000000000	0.98271668230225	126.23915345194	50.000000000000	0.0000000000000
2528.0000000000	0.98282236056503	125.76860845010	50.000000000000	0.0000000000000
2530.0000000000	0.98292542217702	125.29954135604	50.000000000000	0.0000000000000
2532.0000000000	0.98302599647587	124.83183513917	50.000000000000	0.0000000000000
2534.0000000000	0.98312418697415	124.36538033073	50.000000000000	0.0000000000000
2536.0000000000	0.98322007645541	123.90007397603	50.000000000000	0.0000000000000
2538.0000000000	0.98331373095974	123.43581875306	50.000000000000	0.0000000000000
2540.0000000000	0.98340520291693	122.97252222709	50.000000000000	0.0000000000000
2542.0000000000	0.98349453362137	122.51009621685	50.000000000000	0.0000000000000
2544.0000000000	0.98358175519565	122.04845625293	50.000000000000	0.0000000000000
2546.0000000000	0.98366689215509	121.58752111262	50.000000000000	0.0000000000000
2548.0000000000	0.98374996265890	121.12721241841	50.000000000000	0.0000000000000
2550.0000000000	0.98383097951451	120.66745428985	50.000000000000	0.0000000000000
2552.0000000000	0.98390995098626	120.20817304008	50.000000000000	0.0000000000000
2554.0000000000	0.98398688144868	119.74929691019	50.000000000000	0.0000000000000
2556.0000000000	0.98406177191556	119.29075583549	50.000000000000	0.0000000000000
2558.0000000000	0.98413462046963	118.83248123894	50.000000000000	0.0000000000000
2560.0000000000	0.98420542261219	118.37440584773	50.000000000000	0.0000000000000
2562.0000000000	0.98427417154835	117.91646352959	50.000000000000	0.0000000000000
2564.0000000000	0.98434085841992	117.45858914607	50.000000000000	0.0000000000000
2566.0000000000	0.98440547249614	117.00071842040	50.000000000000	0.0000000000000
2568.0000000000	0.98446800132966	116.54278781788	50.000000000000	0.0000000000000
2570.0000000000	0.98452843088468	116.08473443711	50.000000000000	0.0000000000000
2572.0000000000	0.98458674564183	115.62649591065	50.000000000000	0.0000000000000
2574.0000000000	0.98464292868434	115.16801031371	50.000000000000	0.0000000000000
2576.0000000000	0.98469696176855	114.70921608000	50.000000000000	0.0000000000000
2578.0000000000	0.98474882538170	114.25005192365	50.000000000000	0.0000000000000
2580.0000000000	0.98479849878917	113.79045676648	50.000000000000	0.0000000000000
2582.0000000000	0.98484596007287	113.33036966993	50.000000000000	0.0000000000000
2584.0000000000	0.98489118616248	112.86972977096	50.000000000000	0.0000000000000
2586.0000000000	0.98493415286051	112.40847622158	50.000000000000	0.0000000000000
2588.0000000000	0.98497483486242	111.94654813128	50.000000000000	0.0000000000000
2590.0000000000	0.98501320577242	111.48388451226	50.000000000000	0.0000000000000
2592.0000000000	0.98504923811574	111.02042422681	50.000000000000	0.0000000000000
2594.0000000000	0.98508290334795	110.55610593674	50.000000000000	0.0000000000000
2596.0000000000	0.98511417186163	110.09086805449	50.000000000000	0.0000000000000
2598.0000000000	0.98514301299099	109.62464869564	50.000000000000	0.0000000000000
2600.0000000000	0.98516939501455	109.15738563267	50.000000000000	0.0000000000000
2602.0000000000	0.98519328515623	108.68901624972	50.000000000000	0.0000000000000
2604.0000000000	0.98521464958513	108.21947749816	50.000000000000	0.0000000000000
2606.0000000000	0.98523345341401	107.74870585285	50.000000000000	0.0000000000000
2608.0000000000	0.98524966069675	107.27663726890	50.000000000000	0.0000000000000
2610.0000000000	0.98526323442484	106.80320713878	50.000000000000	0.0000000000000
2612.0000000000	0.98527413652304	106.32835024973	50.000000000000	0.0000000000000
2614.0000000000	0.98528232784422	105.85200074127	50.000000000000	0.0000000000000
2616.0000000000	0.98528776816356	105.37409206271	50.000000000000	0.0000000000000
2618.0000000000	0.98529041617202	104.89455693061	50.000000000000	0.0000000000000
2620.0000000000	0.98529022946927	104.41332728607	50.000000000000	0.0000000000000
2622.0000000000	0.98528716455594	103.93033425174	50.000000000000	0.0000000000000
2624.0000000000	0.98528117682541	103.44550808847	50.000000000000	0.0000000000000
2626.0000000000	0.98527222055506	102.95877815159	50.000000000000	0.0000000000000
2628.0000000000	0.98526024889690	102.47007284657	50.000000000000	0.0000000000000
2630.0000000000	0.98524521386788	101.97931958422	50.000000000000	0.0000000000000
2632.0000000000	0.98522706633954	101.48644473516	50.000000000000	0.0000000000000
2634.0000000000	0.98520575602726	100.99137358360	50.000000000000	0.0000000000000
2636.0000000000	0.98518123147909	100.49403028032	50.000000000000	0.0000000000000
2638.0000000000	0.98515344006400	99.994337794788	50.000000000000	0.0000000000000
2640.0000000000	0.98512232795974	99.492217866339	50.000000000000	0.0000000000000
2642.0000000000	0.98508784014027	98.987590954417	50.000000000000	0.0000000000000
2644.0000000000	0.98504992036269	98.480376187716	50.000000000000	0.0000000000000
2646.0000000000	0.98500851115378	97.970491312227	50.000000000000	0.0000000000000
2648.0000000000	0.98496355379604	97.457852638105	50.000000000000	0.0000000000000
2650.0000000000	0.98491498831343	96.942374985293	50.000000000000	0.0000000000000
2652.0000000000	0.98486275345655	96.423971627845	50.000000000000	0.0000000000000
2654.0000000000	0.98480678668758	95.902554236881	50.000000000000	0.0000000000000
2656.0000000000	0.98474702416470	95.378032822110	50.000000000000	0.0000000000000
2658.0000000000	0.98468340072626	94.850315671866	50.000000000000	0.0000000000000
2660.0000000000	0.98461584987454	94.319309291580	50.000000000000	0.0000000000000
2662.0000000000	0.98454430375923	93.784918340634	50.000000000000	0.0000000000000
2664.0000000000	0.98446869316061	93.247045567533	50.000000000000	0.0000000000000
2666.0000000000	0.98438894747250	92.705591743317	50.000000000000	0.0000000000000
2668.0000000000	0.98430499468496	92.160455593166	50.000000000000	0.0000000000000
2670.0000000000	0.98421676136071	91.611532925534	50.000000000000	0.0000000000000
2672.0000000000	0.98412417264021	91.058718961309	50.000000000000	0.0000000000000
2674.0000000000	0.98402715219731	90.501905858764	50.000000000000	0.0000000000000
2676.0000000000	0.98392562223190	89.940983437232	50.000000000000	0.0000000000000
2678.0000000000	0.98381950345231	89.375839098634	50.000000000000	0.0000000000000
2680.0000000000	0.98370871505796	88.806357746783	50.000000000000	0.0000000000000
2682.0000000000	0.98359317472222	88.232421704407	50.000000000000	0.0000000000000
2684.0000000000	0.98347279857558	87.653910627823	50.000000000000	0.0000000000000
2686.0000000000	0.98334750118935	87.070701419186	50.000000000000	0.0000000000000
2688.0000000000	0.98321719555991	86.482668136266	50.000000000000	0.0000000000000
2690.0000000000	0.98308179309370	85.889681899665	50.000000000000	0.0000000000000
2692.0000000000	0.98294120359303	85.291610797428	50.000000000000	0.0000000000000
2694.0000000000	0.98279533524306	84.688319786979	50.000000000000	0.0000000000000
2696.0000000000	0.98264409459992	84.079670594321	50.000000000000	0.0000000000000
2698.0000000000	0.98248738658030	83.465521610442	50.000000000000	0.0000000000000
2700.0000000000	0.98232511445274	82.845727784876	50.000000000000	0.0000000000000
2702.0000000000	0.98215717983088	82.220140516364	50.000000000000	0.0000000000000
2704.0000000000	0.98198348266880	81.588607540567	50.000000000000	0.0000000000000
2706.0000000000	0.98180392125905	80.950972814790	50.000000000000	0.0000000000000
2708.0000000000	0.98161839223337	80.307076399685	50.000000000000	0.0000000000000
2710.0000000000	0.98142679056676	79.656754337886	50.000000000000	0.0000000000000
2712.0000000000	0.98122900958507	78.999838529580	50.000000000000	0.0000000000000
2714.0000000000	0.98102494097674	78.336156604970	50.000000000000	0.0000000000000
2716.0000000000	0.98081447480903	77.665531793644	50.000000000000	0.0000000000000
2718.0000000000	0.98059749954935	76.987782790859	50.000000000000	0.0000000000000
2720.0000000000	0.98037390209228	76.302723620741	50.000000000000	0.0000000000000
2722.0000000000	0.98014356779281	75.610163496448	50.000000000000	0.0000000000000
2724.0000000000	0.97990638050655	74.909906677351	50.000000000000	0.0000000000000
2726.0000000000	0.97966222263775	74.201752323280	50.000000000000	0.0000000000000
2728.0000000000	0.97941097519575	73.485494345940	50.000000000000	0.0000000000000
2730.0000000000	0.97915251786085	72.760921257605	50.000000000000	0.0000000000000
2732.0000000000	0.97888672906063	72.027816017219	50.000000000000	0.0000000000000
2734.0000000000	0.97861348605761	71.285955874069	50.000000000000	0.0000000000000
2736.0000000000	0.97833266512895	70.535111607965	50.000000000000	0.0000000000000
2738.0000000000	0.97804414145019	69.775049178235	50.000000000000	0.0000000000000
2740.0000000000	0.97774778944690	69.005527746586	50.000000000000	0.0000000000000
2742.0000000000	0.97744348286862	68.226300119999	50.000000000000	0.0000000000000
2744.0000000000	0.97713109495255	67.437112585973	50.000000000000	0.0000000000000
2746.0000000000	0.97681049860709	66.637704747121	50.000000000000	0.0000000000000
2748.0000000000	0.97648156661684	65.827809355596	50.000000000000	0.0000000000000
2750.0000000000	0.97614417187120	65.007152147872	50.000000000000	0.0000000000000
2752.0000000000	0.97579818761850	64.175451680497	50.000000000000	0.0000000000000
2754.0000000000	0.97544348774794	63.332419167483	50.000000000000	0.0000000000000
2756.0000000000	0.97507994710190	62.477758320128	50.000000000000	0.0000000000000
2758.0000000000	0.97470744182088	61.611165190091	50.000000000000	0.0000000000000
2760.0000000000	0.97432584972415	60.732328016728	50.000000000000	0.0000000000000
2762.0000000000	0.97393505072882	59.840927079717	50.000000000000	0.0000000000000
2764.0000000000	0.97353492731053	58.936634558200	50.000000000000	0.0000000000000
2766.0000000000	0.97312536500912	58.019114397753	50.000000000000	0.0000000000000
2768.0000000000	0.97270625298262	57.088022186650	50.000000000000	0.0000000000000
2770.0000000000	0.97227748461359	56.143005043055	50.000000000000	0.0000000000000
2772.0000000000	0.97183895817129	55.183701514934	50.000000000000	0.0000000000000
2774.0000000000	0.97139057753416	54.209741494647	50.000000000000	0.0000000000000
2776.0000000000	0.97093225297672	53.220746150419	50.000000000000	0.0000000000000
2778.0000000000	0.97046390202537	52.216327877035	50.000000000000	0.0000000000000
2780.0000000000	0.96998545038775	51.196090268405	50.000000000000	0.0000000000000
2782.0000000000	0.96949683296042	50.159628114812	50.000000000000	0.0000000000000
2784.0000000000	0.96899799491974	49.106527427979	50.000000000000	0.0000000000000
2786.0000000000	0.96848889290100	48.036365497317	50.000000000000	0.0000000000000
2788.0000000000	0.96796949627065	46.948710981030	50.000000000000	0.0000000000000
2790.0000000000	0.96743978849690	45.843124036061	50.000000000000	0.0000000000000
2792.0000000000	0.96689976862325	44.719156491155	50.000000000000	0.0000000000000
2794.0000000000	0.96634945285016	43.576352067693	50.000000000000	0.0000000000000
2796.0000000000	0.96578887622900	42.414246653265	50.000000000000	0.0000000000000
2798.0000000000	0.96521809447270	41.232368633304	50.000000000000	0.0000000000000
2800.0000000000	0.96463718588690	40.030239286507	50.000000000000	0.0000000000000
2802.0000000000	0.96404625342429	38.807373250093	50.000000000000	0.0000000000000
2804.0000000000	0.96344542686515	37.563279061329	50.000000000000	0.0000000000000
2806.0000000000	0.96283486512470	36.297459782154	50.000000000000	0.0000000000000
2808.0000000000	0.96221475868809	35.009413714030	50.000000000000	0.0000000000000
2810.0000000000	0.96158533217142	33.698635210507	50.000000000000	0.0000000000000
2812.0000000000	0.96094684700599	32.364615595310	50.000000000000	0.0000000000000
2814.0000000000	0.96029960424094	31.006844193986	50.000000000000	0.0000000000000
2816.0000000000	0.95964394745713	29.624809487398	50.000000000000	0.0000000000000
2818.0000000000	0.95898026578222	28.218000395475	50.000000000000	0.0000000000000
2820.0000000000	0.95830899699440	26.785907699716	50.000000000000	0.0000000000000
2822.0000000000	0.95763063069832	25.328025612917	50.000000000000	0.0000000000000
2824.0000000000	0.95694571155325	23.843853504413	50.000000000000	0.0000000000000
2826.0000000000	0.95625484252894	22.332897788910	50.000000000000	0.0000000000000
2828.0000000000	0.95555868816043	20.794673986437	50.000000000000	0.0000000000000
2830.0000000000	0.95485797776746	19.228708960378	50.000000000000	0.0000000000000
2832.0000000000	0.95415350859893	17.634543339708	50.000000000000	0.0000000000000
2834.0000000000	0.95344614885708	16.011734130350	50.000000000000	0.0000000000000
2836.0000000000	0.95273684054940	14.359857519353	50.000000000000	0.0000000000000
2838.0000000000	0.95202660211080	12.678511873772	50.000000000000	0.0000000000000
2840.0000000000	0.95131653073090	10.967320934285	50.000000000000	0.0000000000000
2842.0000000000	0.95060780431634	9.2259372010986	50.000000000000	0.0000000000000
2844.0000000000	0.94990168301005	7.4540455070708	50.000000000000	0.0000000000000
2846.0000000000	0.94919951018542	5.6513667698572	50.000000000000	0.0000000000000
2848.0000000000	0.94850271282640	3.8176619113677	50.000000000000	0.0000000000000
2850.0000000000	0.94781280120188	1.9527359289433	50.000000000000	0.0000000000000
2852.0000000000	0.94713136773850	0.056442098421734	50.000000000000	0.0000000000000
2854.0000000000	0.94646008499568	-1.8713137154247	50.000000000000	0.0000000000000
2856.0000000000	0.94580070264630	-3.8305686704582	50.000000000000	0.0000000000000
2858.0000000000	0.94515504337031	-5.8212985153832	50.000000000000	0.0000000000000
2860.0000000000	0.94452499757358	-7.8434131545219	50.000000000000	0.0000000000000
2862.0000000000	0.94391251685338	-9.8967522545676	50.000000000000	0.0000000000000
2864.0000000000	0.94331960614420	-11.981080944039	50.000000000000	0.0000000000000
2866.0000000000	0.94274831449273	-14.096085661331	50.000000000000	0.0000000000000
2868.0000000000	0.94220072443207	-16.241370212092	50.000000000000	0.0000000000000
2870.0000000000	0.94167893994712	-18.416452100779	50.000000000000	0.0000000000000
2872.0000000000	0.94118507305205	-20.620759204780	50.000000000000	0.0000000000000
2874.0000000000	0.94072122903115	-22.853626861930	50.000000000000	0.0000000000000
2876.0000000000	0.94028949042873	-25.114295443486	50.000000000000	0.0000000000000
2878.0000000000	0.93989189991072	-27.401908484558	50.000000000000	0.0000000000000
2880.0000000000	0.93953044215879	-29.715511442170	50.000000000000	0.0000000000000
2882.0000000000	0.93920702499664	-32.054051147674	50.000000000000	0.0000000000000
2884.0000000000	0.93892345998652	-34.416376014786	50.000000000000	0.0000000000000
2886.0000000000	0.93868144276981	-36.801237057175	50.000000000000	0.0000000000000
2888.0000000000	0.93848253345748	-39.207289760126	50.000000000000	0.0000000000000
2890.0000000000	0.93832813740335	-41.633096839535	50.000000000000	0.0000000000000
2892.0000000000	0.93821948671247	-44.077131908441	50.000000000000	0.0000000000000
2894.0000000000	0.93815762284859	-46.537784056630	50.000000000000	0.0000000000000
2896.0000000000	0.93814338119854	-49.013362789874	50.000000000000	0.0000000000000
2898.0000000000	0.93817737543573	-51.502105977551	50.000000000000	0.0000000000000
2900.0000000000	0.93825998714452	-54.002185495679	50.000000000000	0.0000000000000
2902.0000000000	0.93839135579086	-56.511715687332	50.000000000000	0.0000000000000
2904.0000000000	0.93857137195421	-59.028762015107	50.000000000000	0.0000000000000
2906.0000000000	0.93879967349099	-61.551350313210	50.000000000000	0.0000000000000
2908.0000000000	0.93907564477720	-64.077476532670	50.000000000000	0.0000000000000
2910.0000000000	0.93939841911076	-66.605116861803	50.000000000000	0.0000000000000
2912.0000000000	0.93976688428128	-69.132238095283	50.000000000000	0.0000000000000
2914.0000000000	0.94017969124220	-71.656808119375	50.000000000000	0.0000000000000
2916.0000000000	0.94063526574657	-74.176806378147	50.000000000000	0.0000000000000
2918.0000000000	0.94113182273950	-76.690234186114	50.000000000000	0.0000000000000
2920.0000000000	0.94166738323739	-79.195124756515	50.000000000000	0.0000000000000
2922.0000000000	0.94223979336986	-81.689552821330	50.000000000000	0.0000000000000
2924.0000000000	0.94284674521686	-84.171643728753	50.000000000000	0.0000000000000
2926.0000000000	0.94348579904168	-86.639581916101	50.000000000000	0.0000000000000
2928.0000000000	0.94415440650120	-89.091618670069	50.000000000000	0.0000000000000
2930.0000000000	0.94484993440859	-91.526079102017	50.000000000000	0.0000000000000
2932.0000000000	0.94556968862935	-93.941368282498	50.000000000000	0.0000000000000
2934.0000000000	0.94631093770977	-96.335976496194	50.000000000000	0.0000000000000
2936.0000000000	0.94707093586395	-98.708483595395	50.000000000000	0.0000000000000
2938.0000000000	0.94784694498296	-101.05756244650	50.000000000000	0.0000000000000
2940.0000000000	0.94863625537195	-103.38198147929	50.000000000000	0.0000000000000
2942.0000000000	0.94943620496923	-105.68060636270	50.000000000000	0.0000000000000
2944.0000000000	0.95024419685153	-107.95240084345	50.000000000000	0.0000000000000
2946.0000000000	0.95105771488142	-110.19642679393	50.000000000000	0.0000000000000
2948.0000000000	0.95187433740224	-112.41184352505	50.000000000000	0.0000000000000
2950.0000000000	0.95269174893398	-114.59790642588	50.000000000000	0.0000000000000
2952.0000000000	0.95350774986752	-116.75396499709	50.000000000000	0.0000000000000
2954.0000000000	0.95432026419338	-118.87946034792	50.000000000000	0.0000000000000
2956.0000000000	0.95512734533619	-120.97392222790	50.000000000000	0.0000000000000
2958.0000000000	0.95592718019206	-123.03696566396	50.000000000000	0.0000000000000
2960.0000000000	0.95671809149138	-125.06828727254	50.000000000000	0.0000000000000
2962.0000000000	0.95749853862408	-127.06766131302	50.000000000000	0.0000000000000
2964.0000000000	0.95826711707692	-129.03493554570	50.000000000000	0.0000000000000
2966.0000000000	0.95902255663848	-130.97002695305	50.000000000000	0.0000000000000
2968.0000000000	0.95976371853071	-132.87291737826	50.000000000000	0.0000000000000
2970.0000000000	0.96048959162243	-134.74364912987	50.000000000000	0.0000000000000
2972.0000000000	0.96119928787769	-136.58232059636	50.000000000000	0.0000000000000
2974.0000000000	0.96189203718324	-138.38908190872	50.000000000000	0.0000000000000
2976.0000000000	0.96256718169050	-140.16413068437	50.000000000000	0.0000000000000
2978.0000000000	0.96322416979701	-141.90770788044	50.000000000000	0.0000000000000
2980.0000000000	0.96386254988132	-143.62009377971	50.000000000000	0.0000000000000
2982.0000000000	0.96448196389221	-145.30160412821	50.000000000000	0.0000000000000
2984.0000000000	0.96508214088230	-146.95258643904	50.000000000000	0.0000000000000
2986.0000000000	0.96566289056379	-148.57341647361	50.000000000000	0.0000000000000
2988.0000000000	0.96622409695260	-150.16449490793	50.000000000000	0.0000000000000
2990.0000000000	0.96676571215651	-151.72624418856	50.000000000000	0.0000000000000
2992.0000000000	0.96728775035308	-153.25910558036	50.000000000000	0.0000000000000
2994.0000000000	0.96779028199344	-154.76353640598	50.000000000000	0.0000000000000
2996.0000000000	0.96827342826046	-156.24000747474	50.000000000000	0.0000000000000
2998.0000000000	0.96873735580169	-157.68900069764	50.000000000000	0.0000000000000
3000.0000000000	0.96918227175085	-159.11100688310	50.000000000000	0.0000000000000
3002.0000000000	0.96960841904725	-160.50652370778	50.000000000000	0.0000000000000
3004.0000000000	0.97001607205574	-161.87605385530	50.000000000000	0.0000000000000
3006.0000000000	0.97040553248702	-163.22010331576	50.000000000000	0.0000000000000
3008.0000000000	0.97077712561446	-164.53917983785	50.000000000000	0.0000000000000
3010.0000000000	0.97113119678035	-165.83379152563	50.000000000000	0.0000000000000
3012.0000000000	0.97146810818259	-167.10444557157	50.000000000000	0.0000000000000
3014.0000000000	0.97178823593133	-168.35164711765	50.000000000000	0.0000000000000
3016.0000000000	0.97209196736322	-169.57589823609	50.000000000000	0.0000000000000
3018.0000000000	0.97237969801145	-170.77769682060	50.000000000000	0.0000000000000
3020.0000000000	0.97265183117072	-171.95753643740	50.000000000000	0.0000000000000
3022.0000000000	0.97290877412231	-173.11590491044	50.000000000000	0.0000000000000
3024.0000000000	0.97315093694183	-174.25328395605	50.000000000000	0.0000000000000
3026.0000000000	0.97337873089986	-175.37014864592	50.000000000000	0.0000000000000
3028.0000000000	0.97359256703858	-176.46696694515	50.000000000000	0.0000000000000
3030.0000000000	0.97379285491114	-177.54419931922	50.000000000000	0.0000000000000
3032.0000000000	0.97398000147135	-178.60229840371	50.000000000000	0.0000000000000
3034.0000000000	0.97415441010081	-179.64170873139	50.000000000000	0.0000000000000
3036.0000000000	0.97431647976298	179.33713348867	50.000000000000	0.0000000000000
3038.0000000000	0.97446660427202	178.33380054482	50.000000000000	0.0000000000000
3040.0000000000	0.97460517166674	177.34787335401	50.000000000000	0.0000000000000
3042.0000000000	0.97473256368031	176.37894155451	50.000000000000	0.0000000000000
3044.0000000000	0.97484915529535	175.42660356418	50.000000000000	0.0000000000000
3046.0000000000	0.97495531437781	174.49046660790	50.000000000000	0.0000000000000
3048.0000000000	0.97505140138014	173.57014671745	50.000000000000	0.0000000000000
3050.0000000000	0.97513776910758	172.66526870695	50.000000000000	0.0000000000000
3052.0000000000	0.97521476254064	171.77546612661	50.000000000000	0.0000000000000
3054.0000000000	0.97528271870737	170.90038119736	50.000000000000	0.0000000000000
3056.0000000000	0.97534196660045	170.03966472888	50.000000000000	0.0000000000000
3058.0000000000	0.97539282713319	169.19297602283	50.000000000000	0.0000000000000
3060.0000000000	0.97543561313056	168.35998276363	50.000000000000	0.0000000000000
3062.0000000000	0.97547062935014	167.54036089823	50.000000000000	0.0000000000000
3064.0000000000	0.97549817253011	166.73379450673	50.000000000000	0.0000000000000
3066.0000000000	0.97551853146019	165.93997566510	50.000000000000	0.0000000000000
3068.0000000000	0.97553198707179	165.15860430145	50.000000000000	0.0000000000000
3070.0000000000	0.97553881254622	164.38938804699	50.000000000000	0.0000000000000
3072.0000000000	0.97553927343679	163.63204208278	50.000000000000	0.0000000000000
3074.0000000000	0.97553362780273	162.88628898305	50.000000000000	0.0000000000000
3076.0000000000	0.97552212635458	162.15185855634	50.000000000000	0.0000000000000
3078.0000000000	0.97550501260552	161.42848768467	50.000000000000	0.0000000000000
3080.0000000000	0.97548252303193	160.71592016196	50.000000000000	0.0000000000000
3082.0000000000	0.97545488723751	160.01390653195	50.000000000000	0.0000000000000
3084.0000000000	0.97542232812135	159.32220392621	50.000000000000	0.0000000000000
3086.0000000000	0.97538506204876	158.64057590295	50.000000000000	0.0000000000000
3088.0000000000	0.97534329902553	157.96879228668	50.000000000000	0.0000000000000
3090.0000000000	0.97529724286954	157.30662900928	50.000000000000	0.0000000000000
3092.0000000000	0.97524709138612	156.65386795291	50.000000000000	0.0000000000000
3094.0000000000	0.97519303654005	156.01029679478	50.000000000000	0.0000000000000
3096.0000000000	0.97513526462785	155.37570885401	50.000000000000	0.0000000000000
3098.0000000000	0.97507395644849	154.74990294122	50.000000000000	0.0000000000000
3100.0000000000	0.97500928747041	154.13268321032	50.000000000000	0.0000000000000
3102.0000000000	0.97494142799776	153.52385901331	50.000000000000	0.0000000000000
3104.0000000000	0.97487054333343	152.92324475766	50.000000000000	0.0000000000000
3106.0000000000	0.97479679393771	152.33065976678	50.000000000000	0.0000000000000
3108.0000000000	0.97472033558657	151.74592814341	50.000000000000	0.0000000000000
3110.0000000000	0.97464131952260	151.16887863591	50.000000000000	0.0000000000000
3112.0000000000	0.97455989260613	150.59934450793	50.000000000000	0.0000000000000
3114.0000000000	0.97447619746063	150.03716341088	50.000000000000	0.0000000000000
3116.0000000000	0.97439037261421	149.48217725954	50.000000000000	0.0000000000000
3118.0000000000	0.97430255263907	148.93423211103	50.000000000000	0.0000000000000
3120.0000000000	0.97421286828514	148.39317804650	50.000000000000	0.0000000000000
3122.0000000000	0.97412144661113	147.85886905617	50.000000000000	0.0000000000000
3124.0000000000	0.97402841111212	147.33116292731	50.000000000000	0.0000000000000
3126.0000000000	0.97393388184159	146.80992113521	50.000000000000	0.0000000000000
3128.0000000000	0.97383797553130	146.29500873718	50.000000000000	0.0000000000000
3130.0000000000	0.97374080570801	145.78629426940	50.000000000000	0.0000000000000
3132.0000000000	0.97364248280386	145.28364964683	50.000000000000	0.0000000000000
3134.0000000000	0.97354311426676	144.78695006569	50.000000000000	0.0000000000000
3136.0000000000	0.97344280466361	144.29607390897	50.000000000000	0.0000000000000
3138.0000000000	0.97334165578422	143.81090265443	50.000000000000	0.0000000000000
3140.0000000000	0.97323976673673	143.33132078552	50.000000000000	0.0000000000000
3142.0000000000	0.97313723404553	142.85721570469	50.000000000000	0.0000000000000
3144.0000000000	0.97303415174103	142.38847764939	50.000000000000	0.0000000000000
3146.0000000000	0.97293061144912	141.92499961039	50.000000000000	0.0000000000000
3148.0000000000	0.97282670247717	141.46667725282	50.000000000000	0.0000000000000
3150.0000000000	0.97272251189636	141.01340883920	50.000000000000	0.0000000000000
3152.0000000000	0.97261812462231	140.56509515508	50.000000000000	0.0000000000000
3154.0000000000	0.97251362349099	140.12163943674	50.000000000000	0.0000000000000
3156.0000000000	0.97240908933407	139.68294730123	50.000000000000	0.0000000000000
3158.0000000000	0.97230460105168	139.24892667834	50.000000000000	0.0000000000000
3160.0000000000	0.97220023568034	138.81948774481	50.000000000000	0.0000000000000
3162.0000000000	0.97209606846095	138.39454286035	50.000000000000	0.0000000000000
3164.0000000000	0.97199217290373	137.97400650594	50.000000000000	0.0000000000000
3166.0000000000	0.97188862084866	137.55779522360	50.000000000000	0.0000000000000
3168.0000000000	0.97178548252966	137.14582755835	50.000000000000	0.0000000000000
3170.0000000000	0.97168282662870	136.73802400167	50.000000000000	0.0000000000000
3172.0000000000	0.97158072033383	136.33430693690	50.000000000000	0.0000000000000
3174.0000000000	0.97147922939416	135.93460058633	50.000000000000	0.0000000000000
3176.0000000000	0.97137841816995	135.53883095959	50.000000000000	0.0000000000000
3178.0000000000	0.97127834968682	135.14692580413	50.000000000000	0.0000000000000
3180.0000000000	0.97117908568003	134.75881455666	50.000000000000	0.0000000000000
3182.0000000000	0.97108068664422	134.37442829662	50.000000000000	0.0000000000000
3184.0000000000	0.97098321187850	133.99369970060	50.000000000000	0.0000000000000
3186.0000000000	0.97088671953133	133.61656299853	50.000000000000	0.0000000000000
3188.0000000000	0.97079126664054	133.24295393098	50.000000000000	0.0000000000000
3190.0000000000	0.97069690917723	132.87280970777	50.000000000000	0.0000000000000
3192.0000000000	0.97060370208237	132.50606896807	50.000000000000	0.0000000000000
3194.0000000000	0.97051169930715	132.14267174142	50.000000000000	0.0000000000000
3196.0000000000	0.97042095384973	131.78255941010	50.000000000000	0.0000000000000
3198.0000000000	0.97033151779053	131.42567467276	50.000000000000	0.0000000000000
3200.0000000000	0.97024344232671	131.07196150866	50.000000000000	0.0000000000000
3202.0000000000	0.97015677780612	130.72136514380	50.000000000000	0.0000000000000
3204.0000000000	0.97007157375959	130.37383201733	50.000000000000	0.0000000000000
3206.0000000000	0.96998787893108	130.02930974930	50.000000000000	0.0000000000000
3208.0000000000	0.96990574131088	129.68774710949	50.000000000000	0.0000000000000
3210.0000000000	0.96982520816011	129.34909398679	50.000000000000	0.0000000000000
3212.0000000000	0.96974632604478	129.01330135993	50.000000000000	0.0000000000000
3214.0000000000	0.96966914085833	128.68032126903	50.000000000000	0.0000000000000
3216.0000000000	0.96959369785109	128.35010678751	50.000000000000	0.0000000000000
3218.0000000000	0.96952004165527	128.02261199552	50.000000000000	0.0000000000000
3220.0000000000	0.96944821631018	127.69779195377	50.000000000000	0.0000000000000
3222.0000000000	0.96937826528621	127.37560267811	50.000000000000	0.0000000000000
3224.0000000000	0.96931023150803	127.05600111508	50.000000000000	0.0000000000000
3226.0000000000	0.96924415737859	126.73894511799	50.000000000000	0.0000000000000
3228.0000000000	0.96918008479932	126.42439342392	50.000000000000	0.0000000000000
3230.0000000000	0.96911805519242	126.11230563106	50.000000000000	0.0000000000000
3232.0000000000	0.96905810952421	125.80264217718	50.000000000000	0.0000000000000
3234.0000000000	0.96900028831985	125.49536431808	50.000000000000	0.0000000000000
3236.0000000000	0.96894463169018	125.19043410769	50.000000000000	0.0000000000000
3238.0000000000	0.96889117934151	124.88781437724	50.000000000000	0.0000000000000
3240.0000000000	0.96883997060553	124.58746871676	50.000000000000	0.0000000000000
3242.0000000000	0.96879104444642	124.28936145576	50.000000000000	0.0000000000000
3244.0000000000	0.96874443948667	123.99345764515	50.000000000000	0.0000000000000
3246.0000000000	0.96870019401984	123.69972303944	50.000000000000	0.0000000000000
3248.0000000000	0.96865834602791	123.40812407970	50.000000000000	0.0000000000000
3250.0000000000	0.96861893319770	123.11862787640	50.000000000000	0.0000000000000
3252.0000000000	0.96858199293848	122.83120219379	50.000000000000	0.0000000000000
3254.0000000000	0.96854756239457	122.54581543352	50.000000000000	0.0000000000000
3256.0000000000	0.96851567846110	122.26243661967	50.000000000000	0.0000000000000
3258.0000000000	0.96848637780022	121.98103538361	50.000000000000	0.0000000000000
3260.0000000000	0.96845969685330	121.70158194974	50.000000000000	0.0000000000000
3262.0000000000	0.96843567185712	121.42404712126	50.000000000000	0.0000000000000
3264.0000000000	0.96841433885424	121.14840226650	50.000000000000	0.0000000000000
3266.0000000000	0.96839573371100	120.87461930568	50.000000000000	0.0000000000000
3268.0000000000	0.96837989212534	120.60267069795	50.000000000000	0.0000000000000
3270.0000000000	0.96836684964408	120.33252942888	50.000000000000	0.0000000000000
3272.0000000000	0.96835664167174	120.06416899808	50.000000000000	0.0000000000000
3274.0000000000	0.96834930348511	119.79756340756	50.000000000000	0.0000000000000
3276.0000000000	0.96834487024457	119.53268714994	50.000000000000	0.0000000000000
3278.0000000000	0.96834337700571	119.26951519738	50.000000000000	0.0000000000000
3280.0000000000	0.96834485873025	119.00802299068	50.000000000000	0.0000000000000
3282.0000000000	0.96834935029819	118.74818642844	50.000000000000	0.0000000000000
3284.0000000000	0.96835688651839	118.48998185699	50.000000000000	0.0000000000000
3286.0000000000	0.96836750213813	118.23338606011	50.000000000000	0.0000000000000
3288.0000000000	0.96838123185828	117.97837624949	50.000000000000	0.0000000000000
3290.0000000000	0.96839811033608	117.72493005485	50.000000000000	0.0000000000000
3292.0000000000	0.96841817220309	117.47302551518	50.000000000000	0.0000000000000
3294.0000000000	0.96844145207108	117.22264106929	50.000000000000	0.0000000000000
3296.0000000000	0.96846798454261	116.97375554724	50.000000000000	0.0000000000000
3298.0000000000	0.96849780422029	116.72634816177	50.000000000000	0.0000000000000
3300.0000000000	0.96853094571881	116.48039850020	50.000000000000	0.0000000000000
3302.0000000000	0.96856744367222	116.23588651587	50.000000000000	0.0000000000000
3304.0000000000	0.96860733274341	115.99279252072	50.000000000000	0.0000000000000
3306.0000000000	0.96865064763152	115.75109717737	50.000000000000	0.0000000000000
3308.0000000000	0.96869742308935	115.51078149206	50.000000000000	0.0000000000000
3310.0000000000	0.96874769391978	115.27182680675	50.000000000000	0.0000000000000
3312.0000000000	0.96880149499390	115.03421479254	50.000000000000	0.0000000000000
3314.0000000000	0.96885886125621	114.79792744275	50.000000000000	0.0000000000000
3316.0000000000	0.96891982773556	114.56294706598	50.000000000000	0.0000000000000
3318.0000000000	0.96898442955007	114.32925627981	50.000000000000	0.0000000000000
3320.0000000000	0.96905270191695	114.09683800433	50.000000000000	0.0000000000000
3322.0000000000	0.96912468016602	113.86567545608	50.000000000000	0.0000000000000
3324.0000000000	0.96920039973820	113.63575214180	50.000000000000	0.0000000000000
3326.0000000000	0.96927989620061	113.40705185280	50.000000000000	0.0000000000000
3328.0000000000	0.96936320525586	113.17955865904	50.000000000000	0.0000000000000
3330.0000000000	0.96945036274352	112.95325690373	50.000000000000	0.0000000000000
3332.0000000000	0.96954140465481	112.72813119779	50.000000000000	0.0000000000000
3334.0000000000	0.96963636713668	112.50416641463	50.000000000000	0.0000000000000
3336.0000000000	0.96973528650044	112.28134768496	50.000000000000	0.0000000000000
3338.0000000000	0.96983819923103	112.05966039181	50.000000000000	0.0000000000000
3340.0000000000	0.96994514199197	111.83909016553	50.000000000000	0.0000000000000
3342.0000000000	0.97005615163716	111.61962287927	50.000000000000	0.0000000000000
3344.0000000000	0.97017126521487	111.40124464406	50.000000000000	0.0000000000000
3346.0000000000	0.97029051997664	111.18394180447	50.000000000000	0.0000000000000
3348.0000000000	0.97041395338686	110.96770093411	50.000000000000	0.0000000000000
3350.0000000000	0.97054160312501	110.75250883145	50.000000000000	0.0000000000000
3352.0000000000	0.97067350710183	110.53835251553	50.000000000000	0.0000000000000
3354.0000000000	0.97080970345902	110.32521922200	50.000000000000	0.0000000000000
3356.0000000000	0.97095023057997	110.11309639890	50.000000000000	0.0000000000000
3358.0000000000	0.97109512709658	109.90197170310	50.000000000000	0.0000000000000
3360.0000000000	0.97124443189772	109.69183299635	50.000000000000	0.0000000000000
3362.0000000000	0.97139818413662	109.48266834167	50.000000000000	0.0000000000000
3364.0000000000	0.97155642323925	109.27446599978	50.000000000000	0.0000000000000
3366.0000000000	0.97171918890618	109.06721442548	50.000000000000	0.0000000000000
3368.0000000000	0.97188652112813	108.86090226441	50.000000000000	0.0000000000000
3370.0000000000	0.97205846018906	108.65551834976	50.000000000000	0.0000000000000
3372.0000000000	0.97223504667289	108.45105169881	50.000000000000	0.0000000000000
3374.0000000000	0.97241632147270	108.24749151006	50.000000000000	0.0000000000000
3376.0000000000	0.97260232579903	108.04482716004	50.000000000000	0.0000000000000
3378.0000000000	0.97279310118516	107.84304820030	50.000000000000	0.0000000000000
3380.0000000000	0.97298868949554	107.64214435449	50.000000000000	0.0000000000000
3382.0000000000	0.97318913293247	107.44210551568	50.000000000000	0.0000000000000
3384.0000000000	0.97339447404731	107.24292174349	50.000000000000	0.0000000000000
3386.0000000000	0.97360475574194	107.04458326139	50.000000000000	0.0000000000000
3388.0000000000	0.97382002128225	106.84708045410	50.000000000000	0.0000000000000
3390.0000000000	0.97404031430135	106.65040386502	50.000000000000	0.0000000000000
3392.0000000000	0.97426567880838	106.45454419386	50.000000000000	0.0000000000000
3394.0000000000	0.97449615919970	106.25949229421	50.000000000000	0.0000000000000
3396.0000000000	0.97473180026004	106.06523917090	50.000000000000	0.0000000000000
3398.0000000000	0.97497264717433	105.87177597815	50.000000000000	0.0000000000000
3400.0000000000	0.97521874553736	105.67909401715	50.000000000000	0.0000000000000
3402.0000000000	0.97547014135376	105.48718473365	50.000000000000	0.0000000000000
3404.0000000000	0.97572688105691	105.29603971633	50.000000000000	0.0000000000000
3406.0000000000	0.97598901150680	105.10565069440	50.000000000000	0.0000000000000
3408.0000000000	0.97625658000211	104.91600953569	50.000000000000	0.0000000000000
3410.0000000000	0.97652963428912	104.72710824480	50.000000000000	0.0000000000000
3412.0000000000	0.97680822256843	104.53893896107	50.000000000000	0.0000000000000
3414.0000000000	0.97709239349994	104.35149395682	50.000000000000	0.0000000000000
3416.0000000000	0.97738219621832	104.16476563563	50.000000000000	0.0000000000000
3418.0000000000	0.97767768033438	103.97874653059	50.000000000000	0.0000000000000
3420.0000000000	0.97797889594389	103.79342930242	50.000000000000	0.0000000000000
3422.0000000000	0.97828589363943	103.60880673810	50.000000000000	0.0000000000000
3424.0000000000	0.97859872451585	103.42487174924	50.000000000000	0.0000000000000
3426.0000000000	0.97891744018036	103.24161737043	50.000000000000	0.0000000000000
3428.0000000000	0.97924209275637	103.05903675776	50.000000000000	0.0000000000000
3430.0000000000	0.97957273489873	102.87712318752	50.000000000000	0.0000000000000
3432.0000000000	0.97990941979697	102.69587005469	50.000000000000	0.0000000000000
3434.0000000000	0.98025220118531	102.51527087145	50.000000000000	0.0000000000000
3436.0000000000	0.98060113335293	102.33531926632	50.000000000000	0.0000000000000
3438.0000000000	0.98095627115027	102.15600898231	50.000000000000	0.0000000000000
3440.0000000000	0.98131766999754	101.97733387609	50.000000000000	0.0000000000000
3442.0000000000	0.98168538589544	101.79928791652	50.000000000000	0.0000000000000
3444.0000000000	0.98205947543425	101.62186518393	50.000000000000	0.0000000000000
3446.0000000000	0.98243999580095	101.44505986853	50.000000000000	0.0000000000000
3448.0000000000	0.98282700478713	101.26886626962	50.000000000000	0.0000000000000
3450.0000000000	0.98322056080191	101.09327879443	50.000000000000	0.0000000000000
3452.0000000000	0.98362072287872	100.91829195726	50.000000000000	0.0000000000000
3454.0000000000	0.98402755068329	100.74390037839	50.000000000000	0.0000000000000
3456.0000000000	0.98444110452611	100.57009878320	50.000000000000	0.0000000000000
3458.0000000000	0.98486144536855	100.39688200139	50.000000000000	0.0000000000000
3460.0000000000	0.98528863483532	100.22424496594	50.000000000000	0.0000000000000
3462.0000000000	0.98572273522042	100.05218271246	50.000000000000	0.0000000000000
3464.0000000000	0.98616380950101	99.880690378396	50.000000000000	0.0000000000000
3466.0000000000	0.98661192134281	99.709763202121	50.000000000000	0.0000000000000
3468.0000000000	0.98706713511311	99.539396522443	50.000000000000	0.0000000000000
3470.0000000000	0.98752951588920	99.369585777870	50.000000000000	0.0000000000000
3472.0000000000	0.98799912946766	99.200326505870	50.000000000000	0.0000000000000
3474.0000000000	0.98847604237602	99.031614342347	50.000000000000	0.0000000000000
3476.0000000000	0.98896032188147	98.863445021059	50.000000000000	0.0000000000000
3478.0000000000	0.98945203600127	98.695814373074	50.000000000000	0.0000000000000
3480.0000000000	0.98995125351436	98.528718326240	50.000000000000	0.0000000000000
3482.0000000000	0.99045804396925	98.362152904712	50.000000000000	0.0000000000000
3484.0000000000	0.99097247769647	98.196114228530	50.000000000000	0.0000000000000
3486.0000000000	0.99149462581881	98.030598513153	50.000000000000	0.0000000000000
3488.0000000000	0.99202456026109	97.865602069131	50.000000000000	0.0000000000000
3490.0000000000	0.99256235376102	97.701121301702	50.000000000000	0.0000000000000
3492.0000000000	0.99310807988090	97.537152710492	50.000000000000	0.0000000000000
3494.0000000000	0.99366181301794	97.373692889235	50.000000000000	0.0000000000000
3496.0000000000	0.99422362841500	97.210738525476	50.000000000000	0.0000000000000
3498.0000000000	0.99479360217177	97.048286400358	50.000000000000	0.0000000000000
3500.0000000000	0.99537181125630	96.886333388422	50.000000000000	0.0000000000000
