#Parameters = {Curva=0; DistanciaX=50; DistanciaY=50; Hcooper=0.035; Hfr=1.565; La=14; Lamda=61.2322; Lf=15; Lfdiv=15.30805; Lp=27; Placa=100; Wa=2; Wf=3; Wfdiv=1.6548; Wp=26.11}
#"Frequency / MHz"	"VSWR2 [Magnitude]"
#-------------------------------------
1500.0000000000	309.77626404751
1502.0000000000	310.89444257777
1504.0000000000	311.99256789140
1506.0000000000	313.07062907934
1508.0000000000	314.12860758144
1510.0000000000	315.16647714337
1512.0000000000	316.18420379705
1514.0000000000	317.18174586345
1516.0000000000	318.15905397837
1518.0000000000	319.11607113836
1520.0000000000	320.05273276765
1522.0000000000	320.96896680536
1524.0000000000	321.86469381019
1526.0000000000	322.73982708463
1528.0000000000	323.59427281697
1530.0000000000	324.42793023838
1532.0000000000	325.24069179855
1534.0000000000	326.03244335539
1536.0000000000	326.80306437933
1538.0000000000	327.55242817337
1540.0000000000	328.28040210546
1542.0000000000	328.98684785431
1544.0000000000	329.67162166779
1546.0000000000	330.33457463267
1548.0000000000	330.97555295646
1550.0000000000	331.59439825864
1552.0000000000	332.19094787332
1554.0000000000	332.76503515962
1556.0000000000	333.31648982349
1558.0000000000	333.84513824531
1560.0000000000	334.35080381659
1562.0000000000	334.83330728373
1564.0000000000	335.29246709872
1566.0000000000	335.72809977490
1568.0000000000	336.14002024897
1570.0000000000	336.52804224827
1572.0000000000	336.89197866122
1574.0000000000	337.23164191271
1576.0000000000	337.54684434220
1578.0000000000	337.83739858399
1580.0000000000	338.10311795036
1582.0000000000	338.34381681533
1584.0000000000	338.55931099979
1586.0000000000	338.74941815661
1588.0000000000	338.91395815503
1590.0000000000	339.05275346487
1592.0000000000	339.16562953825
1594.0000000000	339.25241518954
1596.0000000000	339.31294297259
1598.0000000000	339.34704955393
1600.0000000000	339.35456556721
1602.0000000000	339.33534771441
1604.0000000000	339.28924720235
1606.0000000000	339.21612079814
1608.0000000000	339.11583117650
1610.0000000000	338.98824725956
1612.0000000000	338.83324454939
1614.0000000000	338.65070545231
1616.0000000000	338.44051959380
1618.0000000000	338.20258412468
1620.0000000000	337.93680401697
1622.0000000000	337.64309234972
1624.0000000000	337.32137058315
1626.0000000000	336.97156882194
1628.0000000000	336.59362606640
1630.0000000000	336.18749045119
1632.0000000000	335.75311947087
1634.0000000000	335.29048019314
1636.0000000000	334.79954945700
1638.0000000000	334.28031405848
1640.0000000000	333.73277092033
1642.0000000000	333.15692724892
1644.0000000000	332.55280067415
1646.0000000000	331.92041937575
1648.0000000000	331.25982219375
1650.0000000000	330.57105872264
1652.0000000000	329.85418939069
1654.0000000000	329.10928552287
1656.0000000000	328.33642938787
1658.0000000000	327.53571422903
1660.0000000000	326.70724427957
1662.0000000000	325.85113476145
1664.0000000000	324.96751186816
1666.0000000000	324.05651273204
1668.0000000000	323.11828537527
1670.0000000000	322.15298864591
1672.0000000000	321.16079213798
1674.0000000000	320.14187609650
1676.0000000000	319.09643130773
1678.0000000000	318.02465897459
1680.0000000000	316.92677057800
1682.0000000000	315.80298772385
1684.0000000000	314.65354197668
1686.0000000000	313.47867468056
1688.0000000000	312.27863676606
1690.0000000000	311.05368854657
1692.0000000000	309.80409950145
1694.0000000000	308.53014804869
1696.0000000000	307.23212130693
1698.0000000000	305.91031484653
1700.0000000000	304.56503243201
1702.0000000000	303.19658575493
1704.0000000000	301.80529415861
1706.0000000000	300.39148435497
1708.0000000000	298.95549013412
1710.0000000000	297.49765206807
1712.0000000000	296.01831720744
1714.0000000000	294.51783877431
1716.0000000000	292.99657584958
1718.0000000000	291.45489305681
1720.0000000000	289.89316024257
1722.0000000000	288.31175215484
1724.0000000000	286.71104811893
1726.0000000000	285.09143171196
1728.0000000000	283.45329043762
1730.0000000000	281.79701539997
1732.0000000000	280.12300097841
1734.0000000000	278.43164450380
1736.0000000000	276.72334593643
1738.0000000000	274.99850754629
1740.0000000000	273.25753359654
1742.0000000000	271.50083003050
1744.0000000000	269.72880416269
1746.0000000000	267.94186437439
1748.0000000000	266.14041981472
1750.0000000000	264.32488010692
1752.0000000000	262.49565506078
1754.0000000000	260.65315439181
1756.0000000000	258.79778744716
1758.0000000000	256.92996150024
1760.0000000000	255.05008607792
1762.0000000000	253.15856784957
1764.0000000000	251.25581209691
1766.0000000000	249.34222248008
1768.0000000000	247.41820081270
1770.0000000000	245.48414684648
1772.0000000000	243.54045806471
1774.0000000000	241.58752948613
1776.0000000000	239.62575347817
1778.0000000000	237.65551958054
1780.0000000000	235.67721433891
1782.0000000000	233.69122114900
1784.0000000000	231.69792011099
1786.0000000000	229.69768789457
1788.0000000000	227.69089761470
1790.0000000000	225.67791871760
1792.0000000000	223.65911687793
1794.0000000000	221.63485390633
1796.0000000000	219.60548766754
1798.0000000000	217.57137200948
1800.0000000000	215.53285670274
1802.0000000000	213.49028739051
1804.0000000000	211.44400554916
1806.0000000000	209.39434845889
1808.0000000000	207.34164918507
1810.0000000000	205.28623656917
1812.0000000000	203.22843523016
1814.0000000000	201.16856557532
1816.0000000000	199.10694382118
1818.0000000000	197.04388202334
1820.0000000000	194.97968811617
1822.0000000000	192.91466596134
1824.0000000000	190.84911540506
1826.0000000000	188.78333234441
1828.0000000000	186.71760880158
1830.0000000000	184.65223300654
1832.0000000000	182.58748948772
1834.0000000000	180.52365916986
1836.0000000000	178.46101947960
1838.0000000000	176.39984445809
1840.0000000000	174.34040487987
1842.0000000000	172.28296837865
1844.0000000000	170.22779957897
1846.0000000000	168.17516023338
1848.0000000000	166.12530936529
1850.0000000000	164.07850341657
1852.0000000000	162.03499639970
1854.0000000000	159.99504005429
1856.0000000000	157.95888400733
1858.0000000000	155.92677593659
1860.0000000000	153.89896173693
1862.0000000000	151.87568568933
1864.0000000000	149.85719063158
1866.0000000000	147.84371813029
1868.0000000000	145.83550865439
1870.0000000000	143.83280174829
1872.0000000000	141.83583620549
1874.0000000000	139.84485024106
1876.0000000000	137.86008166313
1878.0000000000	135.88176804220
1880.0000000000	133.91014687805
1882.0000000000	131.94545576342
1884.0000000000	129.98793254375
1886.0000000000	128.03781547257
1888.0000000000	126.09534336133
1890.0000000000	124.16075572363
1892.0000000000	122.23429291236
1894.0000000000	120.31619624953
1896.0000000000	118.40670814793
1898.0000000000	116.50607222351
1900.0000000000	114.61453339802
1902.0000000000	112.73233799091
1904.0000000000	110.85973379982
1906.0000000000	108.99697016848
1908.0000000000	107.14429804159
1910.0000000000	105.30197000549
1912.0000000000	103.47024031405
1914.0000000000	101.64936489854
1916.0000000000	99.839601361046
1918.0000000000	98.041208950377
1920.0000000000	96.254448519632
1922.0000000000	94.479582464620
1924.0000000000	92.716874642444
1926.0000000000	90.966590269391
1928.0000000000	89.228995797376
1930.0000000000	87.504358768405
1932.0000000000	85.792947646205
1934.0000000000	84.095031624555
1936.0000000000	82.410880411779
1938.0000000000	80.740763990858
1940.0000000000	79.084952354731
1942.0000000000	77.443715216577
1944.0000000000	75.817321694665
1946.0000000000	74.206039971686
1948.0000000000	72.610136928453
1950.0000000000	71.029877751983
1952.0000000000	69.465525518100
1954.0000000000	67.917340748725
1956.0000000000	66.385580944222
1958.0000000000	64.870500091217
1960.0000000000	63.372348146432
1962.0000000000	61.891370497204
1964.0000000000	60.427807399465
1966.0000000000	58.981893394026
1968.0000000000	57.553856702178
1970.0000000000	56.143918601712
1972.0000000000	54.752292784463
1974.0000000000	53.379184696697
1976.0000000000	52.024790863635
1978.0000000000	50.689298199489
1980.0000000000	49.372883304417
1982.0000000000	48.075711749841
1984.0000000000	46.797937353516
1986.0000000000	45.539701445751
1988.0000000000	44.301132128064
1990.0000000000	43.082343525492
1992.0000000000	41.883435033581
1994.0000000000	40.704490560924
1996.0000000000	39.545579121569
1998.0000000000	38.406749926496
2000.0000000000	37.288035840375
2002.0000000000	36.189451173658
2004.0000000000	35.110990904625
2006.0000000000	34.052629894457
2008.0000000000	33.014322092912
2010.0000000000	31.995999731283
2012.0000000000	30.997572498330
2014.0000000000	30.018926693733
2016.0000000000	29.059924352262
2018.0000000000	28.120402330357
2020.0000000000	27.200171345044
2022.0000000000	26.299014953131
2024.0000000000	25.416688456341
2026.0000000000	24.552917715483
2028.0000000000	23.707397853824
2030.0000000000	22.879791826629
2032.0000000000	22.069728830192
2034.0000000000	21.276802519820
2036.0000000000	20.500569002050
2038.0000000000	19.740544562181
2040.0000000000	18.996203200404
2042.0000000000	18.266973329463
2044.0000000000	17.552234826451
2046.0000000000	16.851315110897
2048.0000000000	16.163484868091
2050.0000000000	15.487953254156
2052.0000000000	14.823862583141
2054.0000000000	14.170282545946
2056.0000000000	13.526204095509
2058.0000000000	12.890533273092
2060.0000000000	12.262085479314
2062.0000000000	11.639581062201
2064.0000000000	11.021643683613
2066.0000000000	10.406803861943
2068.0000000000	9.7935115709120
2070.0000000000	9.1801641089436
2072.0000000000	8.5651591096900
2074.0000000000	7.9469882403806
2076.0000000000	7.3243958281894
2078.0000000000	6.6966396923310
2080.0000000000	6.0639103736249
2082.0000000000	5.4279913383455
2084.0000000000	4.7932770248811
2086.0000000000	4.1683116979532
2088.0000000000	3.5680906238343
2090.0000000000	3.0175871258634
2092.0000000000	2.5576227124746
2094.0000000000	2.2543166076487
2096.0000000000	2.2001266810335
2098.0000000000	2.4638040762122
2100.0000000000	3.0342263225142
2102.0000000000	3.8444391057707
2104.0000000000	4.7923270015601
2106.0000000000	5.7540475101909
2108.0000000000	6.6164455034178
2110.0000000000	7.3066963878403
2112.0000000000	7.7996370958381
2114.0000000000	8.1060509356010
2116.0000000000	8.2553297962911
2118.0000000000	8.2818345138784
2120.0000000000	8.2172832701381
2122.0000000000	8.0877887868425
2124.0000000000	7.9135029454678
2126.0000000000	7.7093823467782
2128.0000000000	7.4862580729447
2130.0000000000	7.2518463040940
2132.0000000000	7.0115783687834
2134.0000000000	6.7692376144617
2136.0000000000	6.5274303612908
2138.0000000000	6.2879270276433
2140.0000000000	6.0519063707565
2142.0000000000	5.8201292515383
2144.0000000000	5.5930618201068
2146.0000000000	5.3709626235088
2148.0000000000	5.1539440145410
2150.0000000000	4.9420152222908
2152.0000000000	4.7351122936549
2154.0000000000	4.5331186197238
2156.0000000000	4.3358787669455
2158.0000000000	4.1432077509180
2160.0000000000	3.9548977039353
2162.0000000000	3.7707241687060
2164.0000000000	3.5904551898273
2166.0000000000	3.4138683024428
2168.0000000000	3.2407838541339
2170.0000000000	3.0711279912897
2172.0000000000	2.9050437069432
2174.0000000000	2.7430673673069
2176.0000000000	2.5863642393448
2178.0000000000	2.4369402293482
2180.0000000000	2.2976061773750
2182.0000000000	2.1713717971072
2184.0000000000	2.0601939628690
2186.0000000000	1.9637399899982
2188.0000000000	1.8792887321606
2190.0000000000	1.8030460076892
2192.0000000000	1.7318041787307
2194.0000000000	1.6638259574914
2196.0000000000	1.5988403387510
2198.0000000000	1.5376578423346
2200.0000000000	1.4818257838496
2202.0000000000	1.4334543462274
2204.0000000000	1.3951421196709
2206.0000000000	1.3698086359992
2208.0000000000	1.3602060255953
2210.0000000000	1.3681164245617
2212.0000000000	1.3937509775704
2214.0000000000	1.4359245905672
2216.0000000000	1.4928236430945
2218.0000000000	1.5627086789898
2220.0000000000	1.6442381068623
2222.0000000000	1.7365064309439
2224.0000000000	1.8389671282623
2226.0000000000	1.9513374505771
2228.0000000000	2.0735189673790
2230.0000000000	2.2055390372560
2232.0000000000	2.3475096272067
2234.0000000000	2.4995986871718
2236.0000000000	2.6620101712517
2238.0000000000	2.8349699274950
2240.0000000000	3.0187155802538
2242.0000000000	3.2134891595703
2244.0000000000	3.4195316508688
2246.0000000000	3.6370789113341
2248.0000000000	3.8663585769949
2250.0000000000	4.1075877007741
2252.0000000000	4.3609709387477
2254.0000000000	4.6266991536113
2256.0000000000	4.9049483398006
2258.0000000000	5.1958787994641
2260.0000000000	5.4996345161296
2262.0000000000	5.8163426596721
2264.0000000000	6.1461133144269
2266.0000000000	6.4890391760394
2268.0000000000	6.8451954154199
2270.0000000000	7.2146395941756
2272.0000000000	7.5974116396873
2274.0000000000	7.9935338714864
2276.0000000000	8.4030110725172
2278.0000000000	8.8258306003513
2280.0000000000	9.2619625345464
2282.0000000000	9.7113598571817
2284.0000000000	10.173958664213
2286.0000000000	10.649678405724
2288.0000000000	11.138422153435
2290.0000000000	11.640076894000
2292.0000000000	12.154513846703
2294.0000000000	12.681588804186
2296.0000000000	13.221142494775
2298.0000000000	13.773000964926
2300.0000000000	14.336975980147
2302.0000000000	14.912865442671
2304.0000000000	15.500453823976
2306.0000000000	16.099512610088
2308.0000000000	16.709800757466
2310.0000000000	17.331065157070
2312.0000000000	17.963041104087
2314.0000000000	18.605452770582
2316.0000000000	19.258013678230
2318.0000000000	19.920427168075
2320.0000000000	20.592386864147
2322.0000000000	21.273577127580
2324.0000000000	21.963673497730
2326.0000000000	22.662343116609
2328.0000000000	23.369245132793
2330.0000000000	24.084031080775
2332.0000000000	24.806345231510
2334.0000000000	25.535824685738
2336.0000000000	26.272100311469
2338.0000000000	27.014796335956
2340.0000000000	27.763530744006
2342.0000000000	28.517915412083
2344.0000000000	29.277556182293
2346.0000000000	30.042052869589
2348.0000000000	30.810999194956
2350.0000000000	31.583982636587
2352.0000000000	32.360584190268
2354.0000000000	33.140378029160
2356.0000000000	33.922931052027
2358.0000000000	34.707802307591
2360.0000000000	35.494542281025
2362.0000000000	36.282692026713
2364.0000000000	37.071782129101
2366.0000000000	37.861331470741
2368.0000000000	38.650845783437
2370.0000000000	39.439815954552
2372.0000000000	40.227716055959
2374.0000000000	41.014001057691
2376.0000000000	41.798104181770
2378.0000000000	42.579433506900
2380.0000000000	43.357369437024
2382.0000000000	44.131259631688
2384.0000000000	44.900414619149
2386.0000000000	45.664102345258
2388.0000000000	46.421541860578
2390.0000000000	47.171895996765
2392.0000000000	47.914262852718
2394.0000000000	48.647665873395
2396.0000000000	49.371042257744
2398.0000000000	50.083229374561
2400.0000000000	50.782948793303
2402.0000000000	51.468787447187
2404.0000000000	52.139175333199
2406.0000000000	52.792359011671
2408.0000000000	53.426369988339
2410.0000000000	54.038986833528
2412.0000000000	54.627689601963
2414.0000000000	55.189604744327
2416.0000000000	55.721438223810
2418.0000000000	56.219393936694
2420.0000000000	56.679073745172
2422.0000000000	57.095354413638
2424.0000000000	57.462235434902
2426.0000000000	57.772650070247
2428.0000000000	58.018229834362
2430.0000000000	58.189010079725
2432.0000000000	58.273061287767
2434.0000000000	58.256027343299
2436.0000000000	58.120549040040
2438.0000000000	57.845549798740
2440.0000000000	57.405364383377
2442.0000000000	56.768707429509
2444.0000000000	55.897521889892
2446.0000000000	54.745849016233
2448.0000000000	53.259083295776
2450.0000000000	51.374442196343
2452.0000000000	49.024407364415
2454.0000000000	46.146667466485
2456.0000000000	42.707125179893
2458.0000000000	38.746717699225
2460.0000000000	34.465101183071
2462.0000000000	30.342910043986
2464.0000000000	27.253118068089
2466.0000000000	26.405129171991
2468.0000000000	28.910398638616
2470.0000000000	35.050017624492
2472.0000000000	43.891702295589
2474.0000000000	53.781326086062
2476.0000000000	63.239011422864
2478.0000000000	71.445879457134
2480.0000000000	78.184648206163
2482.0000000000	83.575065079900
2484.0000000000	87.857570257942
2486.0000000000	91.278847458177
2488.0000000000	94.048439876407
2490.0000000000	96.330386720793
2492.0000000000	98.248244114399
2494.0000000000	99.893465642285
2496.0000000000	101.33333031245
2498.0000000000	102.61734178811
2500.0000000000	103.78205905875
2502.0000000000	104.85463132760
2504.0000000000	105.85534933458
2506.0000000000	106.79947863751
2508.0000000000	107.69857808455
2510.0000000000	108.56145180513
2512.0000000000	109.39484055389
2514.0000000000	110.20392717512
2516.0000000000	110.99270886169
2518.0000000000	111.76427336719
2520.0000000000	112.52100548752
2522.0000000000	113.26474255201
2524.0000000000	113.99689235265
2526.0000000000	114.71852320113
2528.0000000000	115.43043315537
2530.0000000000	116.13320356937
2532.0000000000	116.82724076593
2534.0000000000	117.51280865320
2536.0000000000	118.19005439360
2538.0000000000	118.85902871245
2540.0000000000	119.51970204810
2542.0000000000	120.17197746008
2544.0000000000	120.81570099811
2546.0000000000	121.45067007403
2548.0000000000	122.07664025744
2550.0000000000	122.69333082327
2552.0000000000	123.30042930833
2554.0000000000	123.89759528039
2556.0000000000	124.48446348013
2558.0000000000	125.06064646432
2560.0000000000	125.62573685220
2562.0000000000	126.17930925857
2564.0000000000	126.72092197855
2566.0000000000	127.25011847935
2568.0000000000	127.76642874168
2570.0000000000	128.26937048803
2572.0000000000	128.75845032625
2574.0000000000	129.23316483274
2576.0000000000	129.69300159556
2578.0000000000	130.13744023360
2580.0000000000	130.56595340567
2582.0000000000	130.97800781952
2584.0000000000	131.37306525235
2586.0000000000	131.75058358702
2588.0000000000	132.11001787250
2590.0000000000	132.45082141178
2592.0000000000	132.77244688151
2594.0000000000	133.07434748534
2596.0000000000	133.35597814308
2598.0000000000	133.61679671575
2600.0000000000	133.85626526781
2602.0000000000	134.07385136420
2604.0000000000	134.26902940281
2606.0000000000	134.44128197842
2608.0000000000	134.59010127718
2610.0000000000	134.71499049775
2612.0000000000	134.81546529539
2614.0000000000	134.89105524505
2616.0000000000	134.94130531888
2618.0000000000	134.96577737272
2620.0000000000	134.96405163640
2622.0000000000	134.93572820166
2624.0000000000	134.88042850144
2626.0000000000	134.79779677421
2628.0000000000	134.68750150603
2630.0000000000	134.54923684367
2632.0000000000	134.38272397125
2634.0000000000	134.18771244315
2636.0000000000	133.96398146570
2638.0000000000	133.71134112018
2640.0000000000	133.42963351976
2642.0000000000	133.11873389318
2644.0000000000	132.77855158772
2646.0000000000	132.40903098520
2648.0000000000	132.01015232399
2650.0000000000	131.58193242104
2652.0000000000	131.12442528826
2654.0000000000	130.63772263795
2656.0000000000	130.12195427276
2658.0000000000	129.57728835595
2660.0000000000	129.00393155874
2662.0000000000	128.40212908196
2664.0000000000	127.77216455009
2666.0000000000	127.11435977661
2668.0000000000	126.42907440007
2670.0000000000	125.71670534218
2672.0000000000	124.97768637025
2674.0000000000	124.21248713480
2676.0000000000	123.42161238545
2678.0000000000	122.60560098420
2680.0000000000	121.76502480412
2682.0000000000	120.90048751897
2684.0000000000	120.01262328929
2686.0000000000	119.10209535164
2688.0000000000	118.16959451800
2690.0000000000	117.21583759297
2692.0000000000	116.24156571694
2694.0000000000	115.24754264354
2696.0000000000	114.23455296031
2698.0000000000	113.20340026177
2700.0000000000	112.15490528370
2702.0000000000	111.08990400862
2704.0000000000	110.00924575122
2706.0000000000	108.91379123343
2708.0000000000	107.80441065831
2710.0000000000	106.68198179152
2712.0000000000	105.54738805948
2714.0000000000	104.40151667240
2716.0000000000	103.24525678040
2718.0000000000	102.07949767026
2720.0000000000	100.90512701018
2722.0000000000	99.723029148978
2724.0000000000	98.534083476191
2726.0000000000	97.339162848373
2728.0000000000	96.139132086864
2730.0000000000	94.934846551278
2732.0000000000	93.727150792655
2734.0000000000	92.516877289450
2736.0000000000	91.304845607571
2738.0000000000	90.091860309753
2740.0000000000	88.878710936503
2742.0000000000	87.666170772325
2744.0000000000	86.454996024085
2746.0000000000	85.245925089666
2748.0000000000	84.039677916304
2750.0000000000	82.836955447625
2752.0000000000	81.638439157913
2754.0000000000	80.444790671867
2756.0000000000	79.256651467712
2758.0000000000	78.074642661133
2760.0000000000	76.899364867435
2762.0000000000	75.731398138997
2764.0000000000	74.571301974769
2766.0000000000	73.419615398623
2768.0000000000	72.276857103086
2770.0000000000	71.143525654985
2772.0000000000	70.020099759264
2774.0000000000	68.907038577506
2776.0000000000	67.804782097429
2778.0000000000	66.713751549636
2780.0000000000	65.634349868234
2782.0000000000	64.566962191333
2784.0000000000	63.511956398384
2786.0000000000	62.469683680624
2788.0000000000	61.440479141365
2790.0000000000	60.424662423011
2792.0000000000	59.422538357390
2794.0000000000	58.434397636822
2796.0000000000	57.460517502661
2798.0000000000	56.501162448690
2800.0000000000	55.556584937037
2802.0000000000	54.627026123370
2804.0000000000	53.712716590122
2806.0000000000	52.813877084283
2808.0000000000	51.930719258620
2810.0000000000	51.063446413879
2812.0000000000	50.212254239933
2814.0000000000	49.377331554529
2816.0000000000	48.558861037643
2818.0000000000	47.757019959754
2820.0000000000	46.971980902723
2822.0000000000	46.203912471756
2824.0000000000	45.452979996952
2826.0000000000	44.719346223026
2828.0000000000	44.003171986006
2830.0000000000	43.304616875546
2832.0000000000	42.623839881307
2834.0000000000	41.961000022538
2836.0000000000	41.316256958880
2838.0000000000	40.689771581724
2840.0000000000	40.081706583913
2842.0000000000	39.492227007059
2844.0000000000	38.921500764209
2846.0000000000	38.369699136760
2848.0000000000	37.836997243328
2850.0000000000	37.323574479187
2852.0000000000	36.829614923788
2854.0000000000	36.355307714602
2856.0000000000	35.900847384570
2858.0000000000	35.466434161008
2860.0000000000	35.052274223022
2862.0000000000	34.658579914735
2864.0000000000	34.285569911319
2866.0000000000	33.933469334207
2868.0000000000	33.602509812593
2870.0000000000	33.292929486993
2872.0000000000	33.004972951340
2874.0000000000	32.738891129353
2876.0000000000	32.494941080899
2878.0000000000	32.273385733860
2880.0000000000	32.074493536928
2882.0000000000	31.898538028274
2884.0000000000	31.745797315281
2886.0000000000	31.616553460188
2888.0000000000	31.511091766396
2890.0000000000	31.429699960262
2892.0000000000	31.372667263089
2894.0000000000	31.340283348152
2896.0000000000	31.332837435221
2898.0000000000	31.350616203954
2900.0000000000	31.393903199882
2902.0000000000	31.462977000607
2904.0000000000	31.558109526869
2906.0000000000	31.679564212873
2908.0000000000	31.827594033388
2910.0000000000	32.002439386116
2912.0000000000	32.204325828662
2914.0000000000	32.433461670977
2916.0000000000	32.690035425104
2918.0000000000	32.974213116022
2920.0000000000	33.286135458985
2922.0000000000	33.625914910704
2924.0000000000	33.993632603933
2926.0000000000	34.389335177456
2928.0000000000	34.813031515961
2930.0000000000	35.264689417009
2932.0000000000	35.744232205120
2934.0000000000	36.251535316237
2936.0000000000	36.786422878346
2938.0000000000	37.348664317873
2940.0000000000	37.937971023780
2942.0000000000	38.553993104812
2944.0000000000	39.196316277563
2946.0000000000	39.864458926560
2948.0000000000	40.557869378677
2950.0000000000	41.275923436885
2952.0000000000	42.017922219313
2954.0000000000	42.783090350319
2956.0000000000	43.570574551116
2958.0000000000	44.379442674995
2960.0000000000	45.208683233124
2962.0000000000	46.057205452543
2964.0000000000	46.923839905480
2966.0000000000	47.807339744334
2968.0000000000	48.706382572321
2970.0000000000	49.619572971443
2972.0000000000	50.545445704586
2974.0000000000	51.482469598726
2976.0000000000	52.429052107793
2978.0000000000	53.383544544353
2980.0000000000	54.344247959718
2982.0000000000	55.309419640495
2984.0000000000	56.277280180845
2986.0000000000	57.246021078601
2988.0000000000	58.213812794093
2990.0000000000	59.178813200959
2992.0000000000	60.139176350970
2994.0000000000	61.093061466507
2996.0000000000	62.038642070098
2998.0000000000	62.974115155235
3000.0000000000	63.897710299425
3002.0000000000	64.807698622502
3004.0000000000	65.702401490483
3006.0000000000	66.580198870700
3008.0000000000	67.439537247914
3010.0000000000	68.278937016637
3012.0000000000	69.096999273617
3014.0000000000	69.892411943181
3016.0000000000	70.663955178420
3018.0000000000	71.410504448104
3020.0000000000	72.131038954923
3022.0000000000	72.824640089360
3024.0000000000	73.490495093510
3026.0000000000	74.127898391198
3028.0000000000	74.736252096977
3030.0000000000	75.315065728019
3032.0000000000	75.863955153486
3034.0000000000	76.382640821942
3036.0000000000	76.870945319913
3038.0000000000	77.328790314724
3040.0000000000	77.756192944253
3042.0000000000	78.153261719760
3044.0000000000	78.520192004922
3046.0000000000	78.857261143966
3048.0000000000	79.164823302268
3050.0000000000	79.443304088609
3052.0000000000	79.693195023035
3054.0000000000	79.915047910093
3056.0000000000	80.109469177552
3058.0000000000	80.277114231095
3060.0000000000	80.418681875929
3062.0000000000	80.534908846577
3064.0000000000	80.626564486180
3066.0000000000	80.694445606782
3068.0000000000	80.739371556965
3070.0000000000	80.762179525388
3072.0000000000	80.763720093588
3074.0000000000	80.744853052769
3076.0000000000	80.706443499617
3078.0000000000	80.649358205030
3080.0000000000	80.574462274605
3082.0000000000	80.482616085460
3084.0000000000	80.374672502529
3086.0000000000	80.251474367380
3088.0000000000	80.113852257467
3090.0000000000	79.962622489382
3092.0000000000	79.798585378302
3094.0000000000	79.622523721185
3096.0000000000	79.435201503889
3098.0000000000	79.237362815602
3100.0000000000	79.029730950311
3102.0000000000	78.813007693379
3104.0000000000	78.587872771659
3106.0000000000	78.354983451596
3108.0000000000	78.114974284930
3110.0000000000	77.868456968119
3112.0000000000	77.616020327085
3114.0000000000	77.358230397501
3116.0000000000	77.095630595135
3118.0000000000	76.828741972269
3120.0000000000	76.558063537841
3122.0000000000	76.284072642967
3124.0000000000	76.007225419830
3126.0000000000	75.727957260272
3128.0000000000	75.446683336470
3130.0000000000	75.163799153971
3132.0000000000	74.879681121602
3134.0000000000	74.594687151221
3136.0000000000	74.309157261014
3138.0000000000	74.023414200514
3140.0000000000	73.737764066701
3142.0000000000	73.452496939062
3144.0000000000	73.167887499494
3146.0000000000	72.884195656674
3148.0000000000	72.601667163142
3150.0000000000	72.320534222263
3152.0000000000	72.041016088670
3154.0000000000	71.763319651994
3156.0000000000	71.487640013631
3158.0000000000	71.214161050083
3160.0000000000	70.943055955548
3162.0000000000	70.674487776085
3164.0000000000	70.408609926269
3166.0000000000	70.145566684332
3168.0000000000	69.885493686095
3170.0000000000	69.628518382664
3172.0000000000	69.374760496871
3174.0000000000	69.124332460731
3176.0000000000	68.877339829634
3178.0000000000	68.633881695241
3180.0000000000	68.394051062917
3182.0000000000	68.157935231542
3184.0000000000	67.925616151096
3186.0000000000	67.697170768935
3188.0000000000	67.472671354389
3190.0000000000	67.252185822182
3192.0000000000	67.035778029055
3194.0000000000	66.823508069591
3196.0000000000	66.615432554492
3198.0000000000	66.411604876818
3200.0000000000	66.212075467822
3202.0000000000	66.016892043587
3204.0000000000	65.826099840148
3206.0000000000	65.639741836547
3208.0000000000	65.457858977701
3210.0000000000	65.280490371308
3212.0000000000	65.107673499763
3214.0000000000	64.939444400775
3216.0000000000	64.775837857729
3218.0000000000	64.616887575111
3220.0000000000	64.462626349593
3222.0000000000	64.313086234112
3224.0000000000	64.168298696145
3226.0000000000	64.028294773748
3228.0000000000	63.893105220356
3230.0000000000	63.762760650663
3232.0000000000	63.637291686005
3234.0000000000	63.516729079143
3236.0000000000	63.401103862223
3238.0000000000	63.290447457194
3240.0000000000	63.184791826768
3242.0000000000	63.084169576469
3244.0000000000	62.988614094672
3246.0000000000	62.898159664889
3248.0000000000	62.812841587147
3250.0000000000	62.732696297422
3252.0000000000	62.657761489568
3254.0000000000	62.588076227676
3256.0000000000	62.523681065487
3258.0000000000	62.464618168015
3260.0000000000	62.410931426304
3262.0000000000	62.362666581939
3264.0000000000	62.319871341954
3266.0000000000	62.282595511348
3268.0000000000	62.250891107895
3270.0000000000	62.224812498826
3272.0000000000	62.204416524082
3274.0000000000	62.189762634745
3276.0000000000	62.180913029011
3278.0000000000	62.177932793421
3280.0000000000	62.180890047440
3282.0000000000	62.189856095929
3284.0000000000	62.204905584352
3286.0000000000	62.226116658042
3288.0000000000	62.253571139632
3290.0000000000	62.287354688898
3292.0000000000	62.327557000856
3294.0000000000	62.374271988201
3296.0000000000	62.427597982198
3298.0000000000	62.487637940716
3300.0000000000	62.554499672252
3302.0000000000	62.628296061704
3304.0000000000	62.709145312599
3306.0000000000	62.797171198050
3308.0000000000	62.892503345927
3310.0000000000	62.995277496205
3312.0000000000	63.105635818420
3314.0000000000	63.223727219959
3316.0000000000	63.349707684485
3318.0000000000	63.483740617591
3320.0000000000	63.625997223822
3322.0000000000	63.776656914132
3324.0000000000	63.935907706588
3326.0000000000	64.103946687825
3328.0000000000	64.280980491026
3330.0000000000	64.467225787634
3332.0000000000	64.662909839861
3334.0000000000	64.868271066351
3336.0000000000	65.083559655336
3338.0000000000	65.309038220874
3340.0000000000	65.544982493867
3342.0000000000	65.791682076587
3344.0000000000	66.049441231983
3346.0000000000	66.318579740459
3348.0000000000	66.599433819302
3350.0000000000	66.892357092189
3352.0000000000	67.197721662283
3354.0000000000	67.515919226511
3356.0000000000	67.847362300268
3358.0000000000	68.192485525971
3360.0000000000	68.551747087251
3362.0000000000	68.925630231079
3364.0000000000	69.314644913420
3366.0000000000	69.719329561133
3368.0000000000	70.140253012278
3370.0000000000	70.578016585067
3372.0000000000	71.033256329928
3374.0000000000	71.506645479515
3376.0000000000	71.998897108188
3378.0000000000	72.510767015807
3380.0000000000	73.043056876842
3382.0000000000	73.596617668601
3384.0000000000	74.172353426005
3386.0000000000	74.771225317971
3388.0000000000	75.394256143697
3390.0000000000	76.042535230078
3392.0000000000	76.717223823690
3394.0000000000	77.419561024567
3396.0000000000	78.150870286864
3398.0000000000	78.912566619841
3400.0000000000	79.706164533148
3402.0000000000	80.533286793166
3404.0000000000	81.395674189574
3406.0000000000	82.295196304239
3408.0000000000	83.233863536827
3410.0000000000	84.213840493028
3412.0000000000	85.237460923450
3414.0000000000	86.307244429699
3416.0000000000	87.425915234959
3418.0000000000	88.596423219430
3420.0000000000	89.821967640859
3422.0000000000	91.106023927012
3424.0000000000	92.452373970952
3426.0000000000	93.865140528936
3428.0000000000	95.348826330453
3430.0000000000	96.908358758981
3432.0000000000	98.549140930178
3434.0000000000	100.27711036394
3436.0000000000	102.09880656363
3438.0000000000	104.02144909653
3440.0000000000	106.05302816816
3442.0000000000	108.20241008528
3444.0000000000	110.47946051803
3446.0000000000	112.89518916566
3448.0000000000	115.46192031200
3450.0000000000	118.19349487123
3452.0000000000	121.10551083485
3454.0000000000	124.21561097757
3456.0000000000	127.54382904985
3458.0000000000	131.11300871780
3460.0000000000	134.94931385439
3462.0000000000	139.08285416547
3464.0000000000	143.54845791160
3466.0000000000	148.38663352761
3468.0000000000	153.64477650475
3470.0000000000	159.37869758947
3472.0000000000	165.65457681680
3474.0000000000	172.55148858217
3476.0000000000	180.16470231536
3478.0000000000	188.61005178250
3480.0000000000	198.02979967286
3482.0000000000	208.60063047390
3484.0000000000	220.54473096322
3486.0000000000	234.14544538485
3488.0000000000	249.76987169031
3490.0000000000	267.90227576543
3492.0000000000	289.19488987654
3494.0000000000	314.54764882482
3496.0000000000	345.23811341959
3498.0000000000	383.14275397029
3500.0000000000	431.13449380676
